1,0,956,741,105,284,0.932666
1,1,441,445,66,154,0.947852
1,5,468,370,46,102,0.915946
1,6,893,463,37,108,0.594879
1,7,1006,461,62,137,0.895062
1,8,737,458,58,135,0.932243
1,9,886,463,63,134,0.926626
1,10,1054,410,42,140,0.836530
1,11,153,441,60,149,0.952841
1,12,560,337,24,118,0.721668
2,0,956,741,104,284,0.924131
2,1,441,445,66,154,0.946774
2,5,467,370,47,102,0.907663
2,6,891,463,36,108,0.561616
2,7,1001,461,63,137,0.888020
2,8,735,458,59,135,0.938601
2,9,886,462,62,135,0.930419
2,10,1051,410,40,140,0.833293
2,11,155,441,59,149,0.957611
2,12,557,330,27,124,0.662661
3,0,956,741,101,284,0.919794
3,1,441,445,66,155,0.943689
3,5,467,371,47,101,0.912753
3,6,887,462,37,108,0.539581
3,7,999,461,61,137,0.878119
3,8,734,459,59,133,0.940631
3,9,886,462,58,132,0.934023
3,10,1045,410,42,141,0.833513
3,11,156,441,58,149,0.965733
3,12,570,336,19,119,0.608311
4,0,956,742,98,283,0.918930
4,1,441,445,67,155,0.942895
4,5,466,371,46,101,0.913401
4,6,885,461,55,130,0.793129
4,7,998,461,57,137,0.878977
4,8,735,458,57,134,0.940610
4,9,884,461,56,132,0.937446
4,10,1044,410,36,141,0.848893
4,11,157,441,58,149,0.964208
4,12,570,334,20,121,0.629869
5,0,956,742,88,283,0.925287
5,1,441,445,66,155,0.941605
5,5,465,370,47,102,0.914826
5,6,881,460,53,130,0.937699
5,7,994,460,54,138,0.895153
5,8,734,458,57,132,0.940558
5,9,880,460,54,131,0.946368
5,10,1040,411,36,137,0.838014
5,11,159,441,57,149,0.965695
5,12,573,339,32,117,0.561867
6,0,955,743,83,282,0.924445
6,1,441,445,67,155,0.941929
6,5,464,370,47,102,0.913394
6,6,878,459,49,127,0.827528
6,7,993,460,51,138,0.918725
6,8,732,457,57,132,0.937622
6,9,878,459,49,132,0.940336
6,10,1032,411,44,137,0.881067
6,11,160,441,57,149,0.962993
6,12,572,341,34,114,0.587107
7,0,951,743,80,282,0.928786
7,1,441,445,67,155,0.939431
7,5,463,369,48,103,0.913483
7,6,875,458,44,132,0.670916
7,7,992,461,51,137,0.913942
7,8,729,456,56,132,0.920898
7,9,875,458,45,133,0.932270
7,10,1029,411,47,136,0.880822
7,11,161,442,58,148,0.957968
7,12,576,341,32,115,0.443605
8,0,947,743,76,282,0.921763
8,1,441,445,67,155,0.940982
8,5,461,370,48,102,0.910945
8,6,877,457,38,126,0.720835
8,7,990,461,52,137,0.919485
8,8,727,456,53,128,0.924959
8,9,872,458,40,133,0.931346
8,10,1034,412,42,135,0.901367
8,11,163,442,58,148,0.955230
8,12,574,337,55,135,0.756027
9,0,944,743,68,282,0.931195
9,1,442,445,67,155,0.940297
9,5,459,370,48,102,0.914957
9,6,876,457,37,128,0.783205
9,7,985,461,54,137,0.933253
9,8,725,455,51,129,0.921389
9,9,871,457,41,135,0.930973
9,10,1031,412,45,135,0.912994
9,11,164,442,58,148,0.951086
9,12,578,339,57,141,0.788996
10,0,940,743,67,282,0.934608
10,1,442,445,67,155,0.940244
10,5,458,370,48,101,0.915641
10,6,874,457,40,120,0.700797
10,7,983,461,53,137,0.938065
10,8,722,454,49,130,0.923062
10,9,865,456,49,135,0.933172
10,10,1028,412,48,135,0.916782
10,11,167,443,59,147,0.947030
10,12,579,339,62,141,0.793501
11,0,938,742,70,284,0.941599
11,1,442,445,68,155,0.941103
11,5,457,370,48,101,0.921166
11,6,872,456,43,124,0.773453
11,7,982,461,52,137,0.935382
11,8,719,453,50,131,0.931394
11,9,863,457,52,134,0.922052
11,10,1025,413,49,134,0.917834
11,11,169,443,66,148,0.947998
11,12,580,339,62,129,0.799398
12,0,934,743,74,283,0.938988
12,1,442,445,68,155,0.941504
12,5,456,368,47,102,0.920307
12,6,865,457,49,127,0.883023
12,7,980,461,54,137,0.932081
12,8,717,454,49,130,0.926177
12,9,858,456,56,136,0.919243
12,10,1020,413,53,134,0.912272
12,11,170,444,70,147,0.949216
12,12,581,339,61,129,0.792738
13,0,931,743,78,283,0.935649
13,1,443,445,67,155,0.940162
13,5,455,366,47,103,0.918749
13,6,864,457,51,132,0.894971
13,7,978,462,53,137,0.927504
13,8,715,452,49,133,0.925792
13,9,855,457,60,134,0.920234
13,10,1015,413,55,133,0.902456
13,11,172,445,73,147,0.951992
13,12,581,339,62,129,0.790334
14,0,923,743,86,283,0.931012
14,1,444,445,66,155,0.941195
14,5,453,366,49,102,0.918394
14,6,864,458,51,126,0.866483
14,7,977,462,54,137,0.919804
14,8,712,451,50,134,0.931042
14,9,851,457,64,135,0.897050
14,10,1011,413,54,132,0.895456
14,11,174,446,74,147,0.949997
14,12,587,340,56,128,0.770194
15,0,910,743,99,283,0.937408
15,1,444,445,66,155,0.940871
15,5,452,365,49,102,0.914204
15,6,857,458,55,131,0.835540
15,7,973,463,58,136,0.911343
15,8,710,452,50,133,0.923880
15,9,849,457,64,135,0.913614
15,10,1007,412,53,131,0.880698
15,11,176,447,71,147,0.950805
15,12,588,343,55,124,0.719653
16,0,903,742,105,284,0.929636
16,1,445,445,65,155,0.942088
16,5,450,364,50,102,0.913928
16,6,878,464,33,100,0.639391
16,7,971,463,60,136,0.902833
16,8,708,453,50,132,0.915668
16,9,848,457,59,135,0.896053
16,10,1004,412,51,129,0.849691
16,11,178,447,69,147,0.951351
16,12,593,343,50,124,0.668189
17,0,900,742,109,284,0.931492
17,1,446,445,64,156,0.944711
17,5,451,364,48,101,0.910641
17,6,877,464,30,100,0.681562
17,7,970,463,61,136,0.903260
17,8,705,453,50,132,0.920251
17,9,846,458,57,133,0.882907
17,10,1002,411,46,132,0.835443
17,11,181,447,68,149,0.951131
17,12,595,343,50,123,0.648810
18,0,898,742,110,284,0.936163
18,1,446,445,64,155,0.942423
18,5,451,364,48,100,0.911680
18,6,874,465,30,100,0.718626
18,7,969,463,61,136,0.888680
18,8,703,454,52,131,0.913052
18,9,843,457,55,133,0.883651
18,10,999,411,43,132,0.822558
18,11,183,448,67,148,0.953439
18,12,595,344,53,123,0.643888
19,0,894,741,113,285,0.937216
19,1,447,445,64,155,0.940438
19,5,451,364,47,99,0.914330
19,6,871,465,27,101,0.761824
19,7,968,462,61,136,0.875892
19,8,702,454,53,131,0.916756
19,9,840,458,54,131,0.858781
19,10,996,410,38,134,0.865946
19,11,185,447,65,149,0.953762
19,12,581,335,113,157,0.902783
20,0,893,740,106,286,0.935478
20,1,448,445,62,155,0.943381
20,5,451,364,45,98,0.914337
20,6,865,466,33,101,0.832332
20,7,963,461,64,137,0.887167
20,8,701,454,53,131,0.920796
20,9,836,455,53,132,0.859900
20,10,994,409,35,136,0.880485
20,11,187,447,63,149,0.951138
20,12,602,351,48,121,0.635902
21,0,892,738,100,288,0.936807
21,1,449,445,61,156,0.942189
21,5,452,364,44,98,0.916993
21,6,864,465,32,102,0.836478
21,7,962,461,63,136,0.889706
21,8,700,453,52,131,0.921875
21,9,834,454,48,131,0.846741
21,10,990,409,36,137,0.861639
21,11,189,447,61,149,0.949295
21,12,608,356,46,116,0.698687
22,0,892,736,95,290,0.944060
22,1,450,445,60,156,0.942537
22,5,453,364,43,97,0.915051
22,6,863,466,32,100,0.830311
22,7,961,460,59,137,0.882132
22,8,700,452,50,131,0.917053
22,9,831,453,51,131,0.863582
22,10,983,409,42,137,0.856087
22,11,191,447,59,149,0.949947
22,12,611,356,47,117,0.781266
23,0,892,735,96,291,0.950193
23,1,451,445,60,156,0.944700
23,5,453,364,43,96,0.916123
23,6,863,465,30,101,0.823338
23,7,960,461,56,134,0.896315
23,8,699,452,48,131,0.926372
23,9,829,453,49,132,0.871288
23,10,978,409,47,137,0.866482
23,11,192,447,58,149,0.952993
23,12,587,338,109,147,0.906480
24,0,892,733,95,292,0.946086
24,1,452,445,59,156,0.944175
24,5,453,363,43,96,0.916020
24,6,860,464,29,101,0.828164
24,7,959,461,52,134,0.890395
24,8,699,450,46,132,0.930986
24,9,828,452,49,132,0.870045
24,10,972,409,52,137,0.880291
24,11,194,447,57,149,0.957340
24,12,588,338,109,147,0.904975
25,0,892,732,90,292,0.940001
25,1,453,446,57,155,0.943535
25,5,454,363,42,96,0.919516
25,6,858,464,28,100,0.814933
25,7,956,465,50,130,0.900152
25,8,699,450,41,130,0.922283
25,9,827,452,44,132,0.884735
25,10,970,410,54,136,0.880383
25,11,196,447,58,151,0.961385
25,12,613,356,53,117,0.822778
26,0,892,731,81,280,0.935667
26,1,454,445,57,156,0.943359
26,5,454,363,42,95,0.917011
26,6,858,467,24,99,0.815629
26,7,954,474,46,121,0.913284
26,8,699,451,36,125,0.912494
26,9,824,453,44,131,0.902321
26,10,967,410,56,136,0.911149
26,11,197,448,59,154,0.960156
26,12,616,349,56,124,0.833549
27,0,892,730,66,258,0.948226
27,1,455,445,56,156,0.942471
27,5,453,362,44,92,0.903787
27,6,856,468,23,98,0.854753
27,7,952,462,42,133,0.896552
27,8,698,450,33,126,0.921477
27,9,815,452,50,132,0.911721
27,10,965,410,57,136,0.898205
27,11,199,448,60,156,0.959269
27,12,620,350,53,123,0.824558
28,0,890,729,64,259,0.957322
28,1,456,444,55,157,0.940881
28,5,453,362,44,89,0.899048
28,6,853,467,23,99,0.866740
28,7,947,472,46,123,0.908632
28,8,698,449,32,126,0.915722
28,9,808,453,57,131,0.905230
28,10,963,411,59,134,0.898294
28,11,200,449,63,156,0.960035
28,12,621,351,57,122,0.825493
29,0,886,728,64,261,0.964965
29,1,457,445,54,156,0.937825
29,5,453,362,45,89,0.898561
29,6,852,467,24,99,0.859725
29,7,945,462,47,132,0.896787
29,8,698,450,30,125,0.914423
29,9,802,454,62,130,0.914346
29,10,961,410,59,135,0.863753
29,11,202,449,62,157,0.956426
29,12,622,365,72,115,0.846817
30,0,881,727,66,261,0.965155
30,1,458,444,53,157,0.936776
30,5,452,361,47,94,0.898217
30,6,849,466,26,100,0.869077
30,7,941,473,51,121,0.886588
30,8,698,450,28,125,0.907428
30,9,800,455,64,129,0.911836
30,10,957,409,61,136,0.875372
30,11,204,450,63,156,0.952724
30,12,623,365,72,116,0.831717
31,0,878,727,67,262,0.964173
31,1,459,444,52,157,0.933261
31,5,453,361,45,95,0.895561
31,6,846,466,29,100,0.873525
31,7,938,471,53,123,0.868308
31,8,698,451,26,124,0.896862
31,9,800,454,64,129,0.919167
31,10,955,409,59,135,0.861417
31,11,206,451,62,155,0.949449
31,12,624,363,71,120,0.828425
32,0,873,726,70,263,0.962596
32,1,461,444,50,157,0.934164
32,5,453,361,46,92,0.898983
32,6,844,465,31,101,0.877669
32,7,932,460,75,134,0.866955
32,8,697,452,25,123,0.893082
32,9,799,453,64,130,0.923860
32,10,952,408,55,134,0.847744
32,11,208,451,62,156,0.948994
32,12,642,361,54,121,0.809947
33,0,870,725,71,271,0.961565
33,1,461,444,49,157,0.938221
33,5,454,361,45,92,0.903909
33,6,845,466,30,99,0.867827
33,7,928,460,73,133,0.783373
33,8,698,453,22,122,0.875508
33,9,799,453,62,128,0.934517
33,10,951,408,51,131,0.863705
33,11,209,455,62,153,0.953626
33,12,644,359,52,123,0.721779
34,0,861,725,78,279,0.961674
34,1,462,444,48,157,0.932290
34,5,454,361,44,91,0.903375
34,6,842,466,32,98,0.857519
34,7,926,463,70,130,0.798459
34,8,698,455,20,120,0.860362
34,9,799,453,59,128,0.925993
34,10,948,407,49,132,0.866646
34,11,211,455,61,154,0.950977
34,12,645,358,52,124,0.674418
35,0,850,724,87,276,0.964522
35,1,463,443,47,158,0.932978
35,5,454,361,44,88,0.914367
35,6,841,465,33,99,0.863827
35,7,925,456,64,138,0.834089
35,8,697,458,21,117,0.839771
35,9,798,453,56,127,0.925721
35,10,943,406,41,96,0.773237
35,11,213,454,61,155,0.951137
35,12,647,358,51,122,0.606588
36,0,840,724,94,270,0.963386
36,1,464,443,47,158,0.931141
36,5,454,361,42,90,0.908536
36,6,840,464,31,99,0.858391
36,7,925,456,63,137,0.855260
36,8,697,462,20,113,0.814282
36,9,795,455,54,125,0.921020
36,10,940,406,41,103,0.757918
36,11,214,456,61,153,0.951019
36,12,648,358,50,113,0.636958
36,13,1852,517,68,166,0.930177
37,0,832,723,99,266,0.962431
37,1,465,443,45,158,0.930588
37,5,455,360,41,92,0.909297
37,6,838,464,30,99,0.862902
37,7,926,453,62,140,0.890699
37,8,697,463,20,111,0.759376
37,9,791,455,51,125,0.918876
37,10,939,405,41,87,0.732113
37,11,216,456,59,152,0.951852
37,12,626,343,72,141,0.729288
37,13,1851,514,69,169,0.890674
38,0,835,723,95,264,0.935373
38,1,466,443,45,159,0.924799
38,5,455,359,40,96,0.907525
38,6,837,463,28,98,0.873985
38,7,925,451,63,141,0.896651
38,8,697,466,20,108,0.612761
38,9,787,453,48,127,0.926108
38,10,937,405,38,85,0.737102
38,11,217,457,59,151,0.955830
38,12,661,358,40,116,0.756541
38,13,1850,513,63,169,0.869414
39,0,836,723,94,264,0.931038
39,1,466,442,46,161,0.923307
39,5,455,359,38,95,0.909674
39,6,834,463,28,96,0.879505
39,7,925,451,62,140,0.889942
39,8,658,440,57,133,0.687209
39,9,784,450,44,130,0.933966
39,10,926,406,46,112,0.718258
39,11,220,455,58,153,0.960399
39,12,661,359,40,123,0.790934
39,13,1850,513,57,172,0.825478
40,0,833,723,96,264,0.929499
40,1,467,442,44,161,0.923648
40,5,456,359,36,96,0.907661
40,6,831,462,30,96,0.876482
40,7,925,448,60,142,0.845123
40,8,653,436,56,137,0.870373
40,9,782,449,45,131,0.915752
40,10,932,406,41,133,0.840250
40,11,222,455,58,153,0.961023
40,12,661,360,40,121,0.841477
40,13,1839,513,62,172,0.816344
41,0,831,722,98,265,0.922057
41,1,468,442,42,162,0.922185
41,5,456,359,36,96,0.902132
41,6,829,462,31,96,0.893617
41,7,921,447,61,142,0.861196
41,8,654,437,56,136,0.851009
41,9,780,449,49,131,0.919354
41,10,918,406,55,134,0.804845
41,11,224,456,59,153,0.950276
41,12,661,359,40,123,0.847849
41,13,1823,514,71,169,0.885817
42,0,814,722,115,267,0.959965
42,1,469,443,41,161,0.920653
42,5,457,357,34,99,0.899062
42,6,829,463,29,97,0.902441
42,7,918,447,61,142,0.870549
42,8,654,438,51,151,0.863713
42,9,775,448,54,132,0.928678
42,10,910,406,63,132,0.754267
42,11,226,457,60,151,0.946497
42,12,662,357,39,125,0.834543
42,13,1804,513,84,170,0.922677
43,0,812,722,116,267,0.966239
43,1,470,443,41,160,0.927817
43,5,457,356,34,99,0.908284
43,6,828,462,29,97,0.911239
43,7,917,455,59,134,0.872209
43,8,652,438,54,154,0.905410
43,9,772,448,58,132,0.917327
43,10,908,407,65,131,0.762720
43,11,228,457,63,151,0.942551
43,12,662,356,39,126,0.840096
43,13,1793,514,88,169,0.905689
44,0,811,721,117,268,0.966463
44,1,471,443,43,161,0.936946
44,5,458,358,33,97,0.914061
44,6,828,462,29,97,0.914852
44,7,918,457,53,132,0.869048
44,8,652,438,54,155,0.905509
44,9,770,449,59,131,0.906069
44,10,904,407,68,130,0.759600
44,11,230,458,68,151,0.943663
44,12,654,347,48,135,0.803998
44,13,1780,514,101,169,0.928986
45,0,810,720,120,269,0.967363
45,1,472,443,46,160,0.939261
45,5,458,356,33,100,0.913259
45,6,827,463,30,95,0.906544
45,7,922,455,48,134,0.869755
45,8,651,443,54,150,0.884379
45,9,768,448,61,132,0.906254
45,10,903,407,67,129,0.752646
45,11,233,457,74,153,0.945527
45,12,690,354,20,128,0.564915
45,13,1775,513,106,169,0.932151
46,0,810,719,120,269,0.965603
46,1,473,443,47,160,0.939660
46,5,458,356,32,102,0.917137
46,6,823,463,34,94,0.895089
46,7,918,458,51,131,0.888614
46,8,651,442,54,151,0.891097
46,9,767,448,57,132,0.902258
46,10,903,408,64,128,0.781531
46,11,236,458,76,152,0.949634
46,12,692,360,21,122,0.749944
46,13,1770,513,109,168,0.929171
47,0,810,718,119,270,0.967176
47,1,473,442,49,162,0.940153
47,5,458,356,32,102,0.916715
47,6,820,463,37,94,0.892325
47,7,911,460,56,129,0.893347
47,8,650,445,55,148,0.892587
47,9,764,449,53,131,0.906162
47,10,902,407,63,129,0.797896
47,11,239,458,77,152,0.951633
47,12,692,362,25,121,0.783018
47,13,1764,514,111,166,0.933434
48,0,810,717,118,269,0.965233
48,1,474,443,49,161,0.941846
48,5,458,356,30,102,0.912930
48,6,818,463,39,94,0.893071
48,7,909,456,53,133,0.894127
48,8,649,445,56,148,0.891757
48,9,761,448,55,132,0.919639
48,10,902,407,42,129,0.790270
48,11,242,459,76,151,0.954159
48,12,693,363,27,121,0.825410
48,13,1763,514,106,165,0.918092
49,0,810,716,115,268,0.965573
49,1,474,443,50,160,0.939520
49,5,457,356,31,101,0.915634
49,6,816,463,41,94,0.895582
49,7,907,457,46,132,0.905309
49,8,649,444,55,149,0.888091
49,9,760,448,55,132,0.928939
49,10,903,406,39,130,0.790138
49,11,245,460,71,151,0.955867
49,12,693,364,29,120,0.860892
49,13,1764,513,93,163,0.912859
50,0,810,715,111,267,0.965752
50,1,475,443,49,161,0.941583
50,5,457,355,31,103,0.905166
50,6,815,463,42,94,0.900673
50,7,903,459,47,130,0.914642
50,8,648,445,56,148,0.874239
50,9,756,448,55,130,0.922434
50,10,902,405,36,129,0.733671
50,11,248,459,70,153,0.954328
50,12,693,364,29,120,0.872539
50,13,1764,512,81,164,0.894099
51,0,809,715,106,264,0.965460
51,1,476,443,48,161,0.943458
51,5,457,355,30,103,0.912514
51,6,813,464,44,93,0.904460
51,7,902,458,45,131,0.915168
51,8,647,445,57,148,0.836870
51,9,754,447,52,129,0.911159
51,10,898,404,37,131,0.744779
51,11,250,460,70,153,0.953090
51,12,694,366,32,118,0.866716
51,13,1763,510,71,166,0.832529
52,0,808,714,102,261,0.965187
52,1,476,443,49,161,0.947041
52,5,457,355,29,103,0.908156
52,6,813,465,44,92,0.909127
52,7,901,455,45,134,0.901477
52,8,647,449,56,144,0.716879
52,9,752,446,49,126,0.914878
52,10,896,404,38,130,0.746443
52,11,253,460,67,154,0.947428
52,12,694,365,33,119,0.881682
52,13,1763,509,59,167,0.797795
53,0,802,713,101,262,0.966297
53,1,477,443,49,161,0.947521
53,5,457,355,30,103,0.900808
53,6,812,463,45,94,0.907638
53,7,900,455,46,134,0.894029
53,8,588,287,117,311,0.855510
53,9,750,446,46,125,0.917244
53,10,894,404,43,130,0.723426
53,11,256,459,64,154,0.946905
53,12,695,365,35,119,0.910322
53,13,1761,507,54,169,0.820558
54,0,797,712,99,263,0.966643
54,1,478,444,48,160,0.947621
54,5,457,355,30,103,0.896898
54,6,812,462,44,95,0.906723
54,7,896,455,50,134,0.897616
54,8,587,287,118,311,0.836562
54,9,746,446,45,126,0.923901
54,10,891,403,47,132,0.744923
54,11,258,460,62,154,0.947294
54,12,695,366,36,118,0.920534
54,13,1754,506,55,170,0.823834
55,0,791,711,97,265,0.963422
55,1,480,444,46,161,0.948270
55,5,457,355,29,103,0.892052
55,6,812,462,41,95,0.903868
55,7,895,454,51,135,0.888285
55,8,587,287,118,312,0.790604
55,9,744,445,44,127,0.922523
55,10,889,403,37,129,0.730572
55,11,260,459,60,155,0.952382
55,12,696,365,36,119,0.919522
55,13,1741,507,61,169,0.870590
56,0,786,710,95,266,0.962359
56,1,480,444,46,161,0.948801
56,5,456,355,30,103,0.893268
56,6,812,461,39,96,0.905842
56,7,893,454,53,135,0.902101
56,8,586,287,118,313,0.778086
56,9,742,444,43,128,0.925907
56,10,887,404,36,127,0.780679
56,11,261,460,60,154,0.952883
56,12,698,363,36,121,0.924620
56,13,1734,507,63,168,0.824506
57,0,776,709,99,267,0.961285
57,1,481,444,45,161,0.948570
57,5,456,355,29,103,0.886494
57,6,811,462,36,95,0.893274
57,7,891,455,55,134,0.888008
57,8,586,288,118,313,0.842719
57,9,740,444,41,128,0.899889
57,10,879,403,41,128,0.833815
57,11,264,460,57,154,0.959192
57,12,699,363,39,121,0.910465
57,13,1726,507,66,169,0.808151
58,0,770,709,100,267,0.964356
58,1,482,444,45,161,0.947563
58,5,456,356,29,102,0.893952
58,6,808,462,36,95,0.891448
58,7,891,455,54,134,0.881993
58,8,611,453,46,119,0.566742
58,9,738,445,42,127,0.897880
58,10,873,404,44,126,0.840124
58,11,266,460,58,156,0.963582
58,12,703,365,42,119,0.899522
58,13,1735,507,56,169,0.795535
59,0,767,708,100,268,0.964548
59,1,483,444,43,161,0.947561
59,5,455,356,30,102,0.898458
59,6,805,461,35,95,0.884569
59,7,887,454,57,134,0.873190
59,8,595,446,62,128,0.715174
59,9,736,446,44,126,0.895145
59,10,868,404,46,125,0.829159
59,11,268,461,59,157,0.959017
59,12,705,366,44,118,0.886343
59,13,1705,507,86,169,0.862567
60,0,768,707,97,269,0.963258
60,1,483,445,43,160,0.947487
60,5,455,356,29,102,0.898974
60,6,804,461,33,95,0.887289
60,7,887,453,56,134,0.870366
60,8,594,445,62,135,0.785024
60,9,730,447,50,125,0.895697
60,10,864,404,48,124,0.805896
60,11,270,461,61,161,0.958176
60,12,708,367,41,117,0.891663
60,13,1704,506,86,169,0.812643
61,0,757,707,106,269,0.961936
61,1,484,445,42,160,0.945476
61,5,455,356,29,102,0.907292
61,6,803,461,30,95,0.883631
61,7,886,453,53,133,0.876286
61,8,593,441,63,140,0.812545
61,9,726,448,54,124,0.902999
61,10,863,404,46,126,0.826546
61,11,272,462,62,160,0.956207
61,12,709,368,39,116,0.876226
61,13,1698,506,89,169,0.682481
62,0,754,706,107,270,0.956804
62,1,484,445,42,160,0.946108
62,5,454,357,30,101,0.907834
62,6,803,462,29,95,0.890172
62,7,885,451,49,133,0.891642
62,8,589,441,66,140,0.853850
62,9,724,447,55,125,0.904768
62,10,860,404,46,125,0.816435
62,11,274,463,63,160,0.954799
62,12,709,369,43,115,0.876968
62,13,1696,505,86,168,0.777849
63,0,751,705,107,271,0.961560
63,1,485,445,41,160,0.944268
63,5,454,356,29,102,0.913538
63,6,802,462,28,95,0.889549
63,7,883,450,46,135,0.893195
63,8,588,440,66,134,0.857977
63,9,723,448,56,124,0.898818
63,10,859,403,45,127,0.808577
63,11,276,464,64,158,0.952681
63,12,710,369,46,115,0.866459
63,13,1688,505,85,167,0.890963
64,0,749,705,107,271,0.962942
64,1,485,446,41,159,0.940815
64,5,453,357,31,101,0.912830
64,6,802,462,28,95,0.899486
64,7,881,450,44,134,0.897673
64,8,589,441,65,133,0.853337
64,9,715,448,63,123,0.876772
64,10,859,403,42,127,0.782681
64,11,279,464,63,159,0.947703
64,12,714,369,47,112,0.818929
64,13,1683,504,77,161,0.886472
65,0,747,705,106,271,0.964032
65,1,485,446,41,159,0.933211
65,5,453,357,31,101,0.913172
65,6,802,462,26,95,0.898613
65,7,877,450,42,133,0.915453
65,8,588,440,65,132,0.828616
65,9,721,448,56,122,0.889865
65,10,859,402,39,128,0.774718
65,11,281,465,63,158,0.950907
65,12,722,369,42,105,0.808525
65,13,1681,501,66,163,0.870148
66,0,746,703,106,273,0.963655
66,1,486,447,40,158,0.942140
66,5,453,357,30,101,0.913401
66,6,796,462,31,95,0.900490
66,7,873,449,41,134,0.925594
66,8,587,440,64,132,0.767227
66,9,722,444,53,125,0.898917
66,10,857,401,47,128,0.808842
66,11,283,465,63,159,0.954215
66,12,727,368,40,118,0.813144
66,13,1680,500,53,164,0.821687
67,0,746,702,106,274,0.962207
67,1,486,447,40,158,0.938447
67,5,453,357,31,101,0.911709
67,6,792,462,35,95,0.894410
67,7,872,449,40,135,0.928936
67,8,586,440,63,140,0.778144
67,9,717,442,55,126,0.903646
67,10,850,401,54,128,0.808657
67,11,286,466,60,159,0.955100
67,12,727,368,44,118,0.819192
67,13,1678,499,49,166,0.783240
68,0,747,701,105,275,0.961904
68,1,487,447,39,158,0.943792
68,5,453,357,31,101,0.909836
68,6,791,462,36,95,0.894263
68,7,866,448,45,135,0.925750
68,8,585,439,58,142,0.775988
68,9,716,441,53,125,0.907029
68,10,851,399,39,130,0.798666
68,11,288,466,60,159,0.954107
68,12,732,367,40,121,0.860217
68,13,1671,498,51,167,0.796878
69,0,748,700,104,275,0.959307
69,1,487,447,39,158,0.950635
69,5,453,357,31,101,0.911385
69,6,789,462,38,96,0.891342
69,7,865,449,45,133,0.915668
69,8,581,415,55,146,0.394962
69,9,713,441,50,125,0.911550
69,10,849,398,38,130,0.785169
69,11,290,467,59,158,0.953545
69,12,734,368,39,122,0.879338
69,13,1660,498,56,165,0.862845
70,0,757,698,93,277,0.962731
70,1,488,447,40,158,0.951932
70,5,453,357,31,101,0.912237
70,6,788,463,39,95,0.890783
70,7,860,450,48,132,0.922464
70,8,577,486,17,73,0.346171
70,9,711,440,46,126,0.911296
70,10,842,401,44,132,0.803504
70,11,293,468,57,157,0.946816
70,12,737,368,41,122,0.888866
70,13,1643,497,67,166,0.879452
71,0,758,696,90,279,0.962140
71,1,489,447,43,158,0.952701
71,5,453,357,31,101,0.910632
71,6,788,464,39,94,0.891629
71,7,855,450,53,132,0.923292
71,8,574,453,24,105,0.503645
71,9,710,439,42,127,0.916793
71,10,840,400,42,131,0.827393
71,11,295,467,56,158,0.958912
71,12,738,369,44,123,0.870458
71,13,1627,500,78,164,0.893724
72,0,760,694,86,280,0.960802
72,1,489,447,48,158,0.952045
72,5,453,357,31,101,0.909572
72,6,787,464,40,94,0.890117
72,7,850,450,58,132,0.895676
72,8,577,439,51,119,0.575112
72,9,708,439,43,127,0.914920
72,10,840,399,39,132,0.813649
72,11,298,467,57,158,0.961461
72,12,741,371,43,122,0.867540
72,13,1625,500,79,164,0.906630
73,0,763,693,79,279,0.957633
73,1,489,447,50,158,0.952375
73,5,453,357,31,101,0.909073
73,6,787,464,40,93,0.879573
73,7,848,451,59,131,0.916469
73,8,571,459,22,99,0.664396
73,9,706,440,45,126,0.898838
73,10,836,399,40,131,0.767619
73,11,300,468,58,157,0.958211
73,12,743,371,45,119,0.835654
73,13,1608,500,96,163,0.903383
74,0,764,692,74,277,0.961356
74,1,490,447,50,158,0.954142
74,5,453,357,31,101,0.907497
74,6,786,465,40,91,0.863863
74,7,847,450,60,132,0.920772
74,8,571,457,22,101,0.700223
74,9,703,438,45,128,0.902183
74,10,827,399,46,128,0.750311
74,11,303,468,59,157,0.953338
74,12,744,374,55,114,0.859428
74,13,1604,500,99,162,0.913697
75,0,765,690,69,276,0.961952
75,1,490,447,50,158,0.954057
75,5,453,357,31,101,0.907339
75,6,786,465,37,90,0.857167
75,7,848,450,59,132,0.909248
75,8,570,440,24,117,0.746948
75,9,701,439,43,127,0.909848
75,10,821,400,51,125,0.758434
75,11,305,469,61,156,0.954713
75,12,742,376,59,112,0.869623
75,13,1598,500,102,161,0.916324
76,0,766,689,64,269,0.961404
76,1,491,447,49,158,0.954017
76,5,453,357,31,101,0.908600
76,6,786,463,34,92,0.863735
76,7,847,451,60,131,0.900409
76,8,569,436,23,121,0.737619
76,9,700,439,44,127,0.898160
76,10,820,401,53,121,0.723119
76,11,307,469,67,156,0.957191
76,12,746,376,56,112,0.871022
76,13,1596,499,99,162,0.913271
77,0,761,688,68,268,0.956996
77,1,491,447,49,158,0.954446
77,5,453,357,31,101,0.909008
77,6,785,462,32,92,0.869304
77,7,847,450,60,131,0.902673
77,8,566,433,26,123,0.757469
77,9,700,439,42,127,0.899379
77,10,817,400,55,122,0.723623
77,11,310,470,72,155,0.959069
77,12,749,376,55,111,0.876602
77,13,1596,499,91,158,0.894417
78,0,757,687,69,266,0.965013
78,1,491,447,49,158,0.954861
78,5,453,357,30,101,0.909727
78,6,785,461,29,93,0.862363
78,7,847,450,59,131,0.896109
78,8,564,433,27,124,0.774124
78,9,699,439,41,127,0.898956
78,10,814,399,57,124,0.738934
78,11,313,471,74,154,0.958273
78,12,754,376,53,112,0.876436
78,13,1596,497,81,160,0.883576
79,0,755,686,71,268,0.962651
79,1,492,447,48,158,0.955103
79,5,453,357,30,102,0.909172
79,6,784,461,29,93,0.863295
79,7,847,450,58,130,0.893275
79,8,563,432,28,124,0.868180
79,9,700,439,39,127,0.898201
79,10,813,397,56,127,0.740321
79,11,315,471,73,154,0.956793
79,12,759,377,47,110,0.872627
79,13,1596,496,76,161,0.880050
80,0,752,685,71,267,0.958694
80,1,492,447,48,158,0.954073
80,5,453,357,30,102,0.912244
80,6,783,461,25,93,0.862374
80,7,846,450,57,127,0.898723
80,8,560,431,31,125,0.878941
80,9,699,439,40,127,0.896241
80,10,812,397,54,128,0.753862
80,11,318,471,75,154,0.955435
80,12,761,376,45,110,0.882394
80,13,1596,495,62,162,0.844709
81,0,749,684,73,265,0.956676
81,1,493,447,48,158,0.953460
81,5,453,357,30,101,0.912317
81,6,779,461,28,94,0.844886
81,7,846,453,52,124,0.901305
81,8,558,430,33,126,0.898106
81,9,699,441,41,124,0.895034
81,10,812,397,55,128,0.764300
81,11,321,472,73,155,0.955429
81,12,766,377,43,98,0.841704
81,13,1597,493,49,164,0.772228
82,0,746,683,75,263,0.952248
82,1,494,447,47,158,0.952901
82,5,453,357,30,101,0.913532
82,6,777,461,29,94,0.857298
82,7,847,456,49,121,0.898769
82,8,555,430,36,126,0.924250
82,9,699,439,42,125,0.887513
82,10,812,398,47,127,0.763876
82,11,324,472,70,156,0.952303
82,12,770,375,42,103,0.843352
82,13,1591,494,49,162,0.816402
83,0,744,682,75,260,0.955059
83,1,494,447,47,158,0.952784
83,5,453,357,30,101,0.912365
83,6,777,461,27,94,0.851286
83,7,846,456,45,121,0.902582
83,8,552,430,39,127,0.937999
83,9,698,438,43,125,0.883427
83,10,812,397,48,127,0.762231
83,11,327,472,69,157,0.953041
83,12,772,376,41,100,0.837886
83,13,1584,493,50,163,0.821856
84,0,734,682,83,260,0.957523
84,1,495,447,46,158,0.952601
84,5,453,357,31,102,0.910509
84,6,772,462,32,91,0.852706
84,7,842,455,46,121,0.890676
84,8,550,430,41,126,0.941866
84,9,698,437,41,123,0.887946
84,10,812,397,47,127,0.763972
84,11,330,472,67,157,0.956968
84,12,776,375,38,97,0.840264
84,13,1573,493,55,164,0.824299
85,0,725,682,91,260,0.959123
85,1,495,447,46,158,0.951546
85,5,453,357,30,101,0.911004
85,6,767,462,36,92,0.851392
85,7,841,458,42,118,0.884529
85,8,547,429,44,127,0.934367
85,9,698,436,34,123,0.904644
85,10,808,400,43,125,0.744446
85,11,332,472,65,157,0.955150
85,12,777,376,39,91,0.786713
85,13,1560,493,62,164,0.892159
86,0,720,681,94,261,0.959535
86,1,495,446,46,159,0.948714
86,5,453,357,30,101,0.908351
86,6,764,462,39,91,0.852585
86,7,841,457,35,119,0.903337
86,8,545,429,46,127,0.931357
86,9,697,435,30,124,0.897548
86,10,805,401,44,124,0.743327
86,11,335,472,63,158,0.951647
86,12,781,378,36,92,0.731336
86,13,1553,494,69,163,0.838427
87,0,715,682,99,260,0.954320
87,1,495,446,46,159,0.943100
87,5,453,357,30,101,0.909760
87,6,760,461,43,92,0.868487
87,7,840,452,34,124,0.887826
87,8,543,429,47,127,0.925079
87,9,697,433,24,125,0.879076
87,10,804,398,42,126,0.734399
87,11,337,471,61,159,0.952972
87,12,784,380,38,89,0.755740
87,13,1546,494,75,162,0.820730
88,0,713,682,101,260,0.956210
88,1,495,446,46,159,0.942810
88,5,453,357,30,101,0.908977
88,6,759,460,44,93,0.880604
88,7,837,452,35,124,0.880992
88,8,542,429,48,126,0.912296
88,9,697,433,22,126,0.867046
88,10,791,384,51,140,0.780426
88,11,340,471,58,159,0.955713
88,12,788,379,44,89,0.713932
88,13,1544,494,76,162,0.808421
89,0,712,682,102,260,0.952956
89,1,496,446,45,159,0.940999
89,5,453,357,30,101,0.908578
89,6,758,459,45,93,0.883459
89,7,836,453,34,123,0.890567
89,8,541,429,49,126,0.911610
89,9,697,433,19,127,0.847525
89,10,791,383,47,141,0.799809
89,11,342,471,56,158,0.953661
89,12,790,378,46,91,0.788075
89,13,1539,494,80,162,0.817950
90,0,711,682,103,259,0.957277
90,1,496,445,45,160,0.943968
90,5,453,357,30,101,0.908957
90,6,758,461,45,91,0.887519
90,7,834,453,34,123,0.900604
90,8,539,429,51,126,0.908339
90,9,697,432,18,127,0.815892
90,10,794,381,43,142,0.801179
90,11,345,471,56,159,0.960116
90,12,795,376,43,92,0.769214
90,13,1532,493,85,162,0.837929
91,0,711,681,103,260,0.955058
91,1,496,445,45,160,0.945579
91,5,453,357,31,101,0.903459
91,6,758,460,44,92,0.889393
91,7,828,455,40,121,0.898335
91,8,538,428,51,126,0.914382
91,9,697,434,16,126,0.784112
91,10,797,384,39,138,0.820121
91,11,347,472,57,161,0.955566
91,12,797,378,42,97,0.774358
91,13,1526,491,85,162,0.850736
92,0,710,681,104,259,0.958941
92,1,497,445,44,160,0.944242
92,5,453,357,31,101,0.902782
92,6,758,459,43,94,0.873394
92,7,825,453,43,123,0.888368
92,8,536,427,51,127,0.918451
92,9,697,444,15,116,0.777909
92,10,796,383,39,139,0.804160
92,11,350,472,58,163,0.959554
92,12,798,380,39,99,0.762022
92,13,1523,491,79,160,0.856003
93,0,710,679,103,260,0.959532
93,1,497,445,44,160,0.943608
93,5,453,357,31,101,0.901018
93,6,758,460,42,93,0.871175
93,7,822,455,46,121,0.897473
93,8,535,426,50,127,0.928270
93,9,696,446,16,114,0.759191
93,10,791,381,46,141,0.812186
93,11,353,473,58,163,0.961779
93,12,798,379,47,102,0.701163
93,13,1521,490,72,155,0.820057
94,0,710,678,102,259,0.963689
94,1,497,445,44,160,0.944748
94,5,453,357,31,101,0.903058
94,6,757,459,40,94,0.851446
94,7,820,454,48,122,0.893089
94,8,532,425,51,128,0.930279
94,9,697,448,14,112,0.663934
94,10,788,381,52,141,0.778830
94,11,355,474,59,163,0.958434
94,12,807,379,43,96,0.790630
94,13,1521,489,59,156,0.816359
95,0,710,677,101,256,0.963518
95,1,497,445,44,160,0.945623
95,5,453,356,31,102,0.901334
95,6,755,461,37,92,0.831796
95,7,819,454,49,122,0.886440
95,8,530,424,52,126,0.929534
95,9,678,444,33,116,0.496112
95,10,785,383,54,138,0.737946
95,11,358,474,63,162,0.949046
95,12,812,378,40,86,0.760090
95,13,1521,487,46,157,0.829304
96,0,710,675,99,255,0.964978
96,1,497,445,44,160,0.944309
96,5,453,356,32,102,0.896842
96,6,749,461,38,92,0.858685
96,7,817,454,51,122,0.893981
96,8,528,423,53,123,0.939056
96,9,667,428,44,131,0.530650
96,10,784,394,42,127,0.764806
96,11,360,475,66,161,0.948153
96,12,815,380,38,83,0.809555
96,13,1517,486,43,161,0.788416
97,0,708,675,100,253,0.961557
97,1,497,445,44,160,0.944344
97,5,453,356,32,102,0.895107
97,6,745,460,39,93,0.853838
97,7,817,455,50,120,0.886045
97,8,528,422,51,122,0.942575
97,9,669,434,41,125,0.639625
97,10,783,396,41,125,0.809920
97,11,364,476,65,160,0.950165
97,12,817,380,38,86,0.817553
97,13,1509,486,45,160,0.809738
98,0,703,674,102,253,0.957616
98,1,497,445,44,159,0.944472
98,5,453,356,33,102,0.893771
98,6,744,460,36,93,0.840832
98,7,817,453,50,122,0.871283
98,8,529,421,50,123,0.943600
98,9,652,297,53,260,0.863046
98,10,781,396,41,126,0.806355
98,11,366,476,66,160,0.953234
98,12,818,379,49,101,0.835199
98,13,1498,485,51,159,0.821229
99,0,694,673,107,249,0.960315
99,1,498,445,43,160,0.939122
99,5,454,355,32,103,0.889784
99,6,742,460,35,93,0.858003
99,7,817,451,48,123,0.852533
99,8,529,420,49,122,0.944747
99,9,668,427,39,135,0.855911
99,10,779,393,41,128,0.796242
99,11,368,476,65,162,0.952460
99,12,818,380,47,107,0.853087
99,13,1480,485,65,159,0.834403
100,0,691,672,106,246,0.962107
100,1,497,444,43,160,0.936695
100,5,454,355,32,103,0.894581
100,6,741,460,34,93,0.852922
100,7,815,453,46,119,0.879726
100,8,529,419,48,123,0.939429
100,9,661,427,45,136,0.870347
100,10,773,393,44,129,0.811231
100,11,372,476,62,163,0.953940
100,12,821,381,52,127,0.876728
100,13,1475,486,70,158,0.885721
101,0,685,671,107,247,0.964337
101,1,497,444,44,160,0.931458
101,5,454,355,32,103,0.893242
101,6,739,461,35,92,0.851054
101,7,814,451,42,119,0.883926
101,8,529,418,47,124,0.921689
101,9,660,426,46,137,0.874346
101,10,771,392,43,123,0.807513
101,11,374,476,60,163,0.952441
101,12,822,383,57,126,0.872063
101,13,1462,487,82,157,0.869017
102,0,676,670,110,248,0.958882
102,1,497,444,44,160,0.926773
102,5,454,355,32,103,0.889288
102,6,738,460,36,92,0.858370
102,7,813,451,39,119,0.887487
102,8,527,418,48,124,0.910121
102,9,660,426,46,137,0.876908
102,10,771,391,42,124,0.823354
102,11,378,476,56,163,0.950837
102,12,823,383,62,126,0.880910
102,13,1458,486,85,157,0.877323
103,0,670,669,109,249,0.953175
103,1,497,445,44,159,0.919557
103,5,454,355,32,103,0.887273
103,6,738,460,36,92,0.862628
103,7,811,450,36,119,0.893652
103,8,526,418,48,124,0.908623
103,9,658,427,47,136,0.874667
103,10,770,390,40,126,0.833123
103,11,381,476,53,163,0.958788
103,12,821,384,68,127,0.879391
103,13,1449,486,94,156,0.891229
104,0,667,668,106,249,0.957380
104,1,496,444,45,160,0.918225
104,5,454,355,32,103,0.889235
104,6,737,460,37,92,0.875130
104,7,808,452,35,118,0.894027
104,8,525,418,47,124,0.906631
104,9,656,425,50,137,0.873209
104,10,768,389,41,126,0.847186
104,11,384,476,52,163,0.961309
104,12,821,384,70,129,0.893817
104,13,1443,486,96,155,0.894744
105,0,662,667,104,250,0.957642
105,1,495,445,46,160,0.897800
105,5,455,355,31,103,0.892260
105,6,733,460,41,92,0.881532
105,7,805,452,35,117,0.883865
105,8,513,418,57,124,0.863828
105,9,656,426,50,136,0.869682
105,10,765,389,41,129,0.836871
105,11,386,476,55,163,0.964008
105,12,830,384,63,129,0.878618
105,13,1442,486,92,153,0.890859
106,0,662,666,102,251,0.963775
106,1,495,457,46,148,0.904816
106,5,455,355,31,102,0.888643
106,6,735,458,39,93,0.882330
106,7,803,448,36,121,0.891373
106,8,512,418,57,123,0.881192
106,9,655,425,51,136,0.867491
106,10,762,389,42,128,0.846376
106,11,389,476,56,163,0.962497
106,12,833,385,62,128,0.853757
106,13,1442,484,83,155,0.873202
107,0,654,665,108,252,0.962531
107,1,494,461,47,145,0.911267
107,5,455,355,31,102,0.890411
107,6,730,457,43,94,0.874321
107,7,801,453,36,116,0.902458
107,8,511,418,56,123,0.901676
107,9,654,425,51,136,0.862929
107,10,760,389,42,126,0.858936
107,11,392,476,56,163,0.956371
107,12,837,384,60,129,0.879955
107,13,1442,482,73,157,0.847786
108,0,653,664,107,253,0.968055
108,1,493,458,49,148,0.915653
108,5,455,355,31,102,0.887232
108,6,729,458,42,93,0.871530
108,7,797,451,39,117,0.900508
108,8,510,417,55,123,0.897274
108,9,654,425,51,136,0.852396
108,10,759,388,39,126,0.873111
108,11,395,477,58,161,0.951383
108,12,842,384,55,129,0.910850
108,13,1442,481,61,158,0.828249
109,0,651,663,107,253,0.966077
109,1,493,459,48,148,0.915281
109,5,455,354,30,103,0.887650
109,6,730,459,39,91,0.857574
109,7,790,447,45,121,0.897603
109,8,509,417,54,123,0.890051
109,9,653,425,52,135,0.845380
109,10,756,389,39,124,0.876553
109,11,398,477,65,161,0.953236
109,12,846,383,51,130,0.928343
109,13,1443,479,41,159,0.797201
110,0,651,662,105,254,0.964065
110,1,492,453,50,155,0.904668
110,5,455,354,31,103,0.885627
110,6,730,458,35,90,0.849021
110,7,784,446,50,122,0.907685
110,8,509,417,53,122,0.893069
110,9,652,426,53,134,0.844463
110,10,755,388,39,125,0.880557
110,11,401,477,70,161,0.953511
110,12,851,382,45,131,0.937219
110,13,1441,478,39,160,0.819953
111,0,651,662,103,254,0.963656
111,1,492,444,49,164,0.919354
111,5,455,354,30,103,0.889875
111,6,729,456,32,92,0.870890
111,7,779,447,53,121,0.913257
111,8,512,417,50,122,0.879257
111,9,651,426,53,129,0.829152
111,10,754,389,39,123,0.854020
111,11,404,478,73,160,0.953407
111,12,856,383,39,130,0.933357
111,13,1434,477,41,161,0.771753
112,0,653,661,99,255,0.960327
112,1,491,453,50,156,0.886838
112,5,455,354,30,103,0.890832
112,6,729,455,29,92,0.870788
112,7,776,447,55,121,0.915587
112,8,507,416,53,121,0.882125
112,9,650,427,54,125,0.813602
112,10,753,389,40,122,0.854929
112,11,408,478,75,160,0.951964
112,12,863,383,36,130,0.934926
112,13,1426,477,43,161,0.788995
113,0,654,660,96,256,0.960634
113,1,490,453,51,156,0.879709
113,5,455,354,30,103,0.896253
113,6,723,455,32,92,0.857760
113,7,776,443,55,125,0.914457
113,8,505,415,54,120,0.874416
113,9,649,426,55,125,0.805088
113,10,751,389,39,120,0.855945
113,11,410,479,75,159,0.952238
113,12,866,384,41,129,0.926112
113,13,1408,478,58,160,0.868348
114,0,656,659,94,257,0.959950
114,1,489,449,52,161,0.897401
114,5,455,355,30,102,0.896794
114,6,716,455,38,91,0.841796
114,7,776,444,55,124,0.913820
114,8,503,414,56,118,0.877800
114,9,648,427,56,123,0.771417
114,10,748,388,40,120,0.865579
114,11,414,479,71,159,0.955940
114,12,867,385,47,128,0.933909
114,13,1390,478,76,160,0.886384
115,0,659,657,91,258,0.957915
115,1,488,446,53,164,0.908105
115,5,455,354,30,102,0.897517
115,6,715,455,39,93,0.830275
115,7,777,445,54,123,0.913254
115,8,502,413,58,118,0.873407
115,9,648,428,55,120,0.711254
115,10,746,389,40,117,0.851387
115,11,416,479,70,160,0.954469
115,12,868,386,52,127,0.939421
115,13,1384,479,81,159,0.894244
116,0,663,656,86,259,0.957771
116,1,486,436,55,175,0.895611
116,2,0,385,30,104,0.935355
116,5,455,354,30,102,0.897412
116,6,713,455,39,92,0.844108
116,7,776,443,55,123,0.914713
116,8,500,413,57,117,0.891413
116,9,626,419,77,129,0.692545
116,10,743,388,38,118,0.875076
116,11,417,479,72,160,0.954818
116,12,868,387,57,127,0.942945
116,13,1379,478,86,160,0.900354
116,14,38,442,62,132,0.927129
117,0,667,654,81,260,0.950304
117,1,485,435,56,176,0.895619
117,2,0,386,31,105,0.936489
117,5,455,354,31,103,0.896698
117,6,712,455,40,91,0.852018
117,7,776,442,54,124,0.912933
117,8,498,412,54,118,0.901693
117,9,625,419,77,128,0.650064
117,10,738,388,39,118,0.871312
117,11,420,479,69,161,0.955331
117,12,868,389,58,127,0.945986
117,13,1373,478,90,160,0.893277
117,14,50,439,59,134,0.942417
118,0,669,652,78,262,0.953667
118,1,484,434,57,177,0.893990
118,2,0,386,31,106,0.940006
118,5,455,355,31,102,0.892688
118,6,711,456,40,90,0.850797
118,7,775,441,54,124,0.895853
118,8,497,411,54,119,0.911561
118,9,594,280,110,281,0.857400
118,10,736,388,39,118,0.862153
118,11,424,479,65,161,0.952831
118,12,869,388,58,128,0.947086
118,13,1371,478,89,159,0.901023
118,14,63,440,54,134,0.940716
119,0,671,651,74,262,0.959584
119,1,482,434,59,177,0.901473
119,2,0,386,30,106,0.939117
119,5,455,354,31,103,0.891571
119,6,711,455,40,90,0.850909
119,7,776,440,51,124,0.894227
119,8,496,411,54,120,0.912808
119,9,594,280,110,280,0.845974
119,10,734,387,40,119,0.852880
119,11,428,478,61,162,0.950146
119,12,872,389,55,127,0.946334
119,13,1371,477,83,159,0.867904
119,14,69,438,64,133,0.942982
120,0,672,649,69,261,0.955785
120,1,481,432,60,179,0.912596
120,2,0,386,30,106,0.935950
120,5,455,354,31,102,0.891392
120,6,710,455,41,90,0.847635
120,7,775,439,50,124,0.899045
120,8,496,410,53,119,0.914023
120,9,625,419,48,122,0.660736
120,10,731,387,41,118,0.844647
120,11,431,478,59,162,0.952024
120,12,875,388,53,129,0.942686
120,13,1370,475,77,157,0.819080
120,14,75,441,65,129,0.937535
121,0,672,648,65,259,0.960905
121,1,478,432,63,179,0.914816
121,2,0,387,30,105,0.934411
121,5,455,354,31,102,0.890500
121,6,707,454,45,91,0.829388
121,7,775,439,47,124,0.895191
121,8,493,411,55,118,0.926705
121,9,592,280,111,280,0.836680
121,10,730,386,42,119,0.858856
121,11,434,478,55,161,0.948598
121,12,881,388,48,129,0.939523
121,13,1370,475,67,152,0.802848
121,14,83,439,74,134,0.938404
122,0,672,647,62,256,0.964423
122,1,477,450,63,161,0.902124
122,2,0,387,31,105,0.936738
122,5,455,354,31,102,0.888957
122,6,707,452,44,93,0.852384
122,7,773,438,45,125,0.908882
122,8,491,411,56,118,0.919501
122,9,624,419,48,122,0.670207
122,10,730,384,41,121,0.875188
122,11,436,478,53,161,0.950604
122,12,889,388,43,129,0.938782
122,13,1371,473,56,154,0.772523
122,14,95,440,67,135,0.937206
123,0,669,646,62,255,0.967669
123,1,475,447,65,164,0.897229
123,2,0,386,32,106,0.940445
123,5,455,354,32,102,0.886420
123,6,707,452,44,93,0.858389
123,7,770,440,45,123,0.913726
123,8,491,411,55,119,0.910987
123,9,624,419,48,121,0.668079
123,10,729,384,39,121,0.880092
123,11,438,479,52,162,0.940304
123,12,897,387,38,130,0.937348
123,13,1370,471,45,156,0.799495
123,14,110,441,53,134,0.911940
124,0,666,644,64,253,0.965508
124,1,473,452,67,159,0.885259
124,2,0,386,32,106,0.946403
124,5,455,354,31,102,0.896015
124,6,706,452,44,93,0.850999
124,7,767,438,43,125,0.911489
124,8,489,410,56,120,0.921300
124,9,624,419,44,121,0.678856
124,10,726,385,39,120,0.877853
124,11,441,479,49,165,0.924341
124,12,900,387,37,132,0.935444
124,13,1368,470,36,158,0.799464
124,14,125,444,45,131,0.911970
125,0,664,643,64,254,0.962354
125,1,473,449,67,161,0.886801
125,2,0,385,33,107,0.946038
125,5,455,353,31,103,0.894758
125,6,706,451,42,93,0.846864
125,7,764,437,42,126,0.916960
125,8,488,410,55,120,0.920043
125,9,624,419,41,121,0.660438
125,10,725,384,38,121,0.847238
125,11,444,480,48,166,0.926129
125,12,899,387,40,133,0.934595
125,13,1360,469,39,159,0.862873
125,14,138,439,45,136,0.934639
126,0,662,642,64,252,0.961357
126,1,473,449,66,161,0.874787
126,2,0,385,33,107,0.947662
126,5,455,353,30,103,0.903032
126,6,706,452,41,91,0.850296
126,7,763,436,39,127,0.923370
126,8,486,409,55,120,0.918324
126,9,624,418,40,121,0.644948
126,10,722,384,41,121,0.867258
126,11,446,482,56,166,0.930148
126,12,899,388,46,134,0.949641
126,13,1352,469,42,157,0.808419
126,14,144,438,49,137,0.919845
127,0,660,642,65,250,0.958800
127,1,473,455,65,155,0.845647
127,2,0,385,34,109,0.946338
127,5,455,353,30,103,0.905958
127,6,703,452,42,91,0.846645
127,7,761,435,39,128,0.925011
127,8,484,409,56,119,0.913856
127,9,623,418,35,121,0.621348
127,10,720,384,41,121,0.872857
127,11,448,482,61,166,0.919987
127,12,900,389,54,134,0.948955
127,13,1331,469,62,157,0.838806
127,14,146,435,58,139,0.939158
128,0,658,641,66,248,0.962364
128,1,471,454,66,154,0.800043
128,2,0,386,35,108,0.946050
128,5,455,353,30,103,0.905315
128,6,702,449,39,94,0.853687
128,7,761,434,40,128,0.922060
128,8,484,408,55,120,0.896484
128,9,587,405,113,188,0.821825
128,10,719,380,39,125,0.871486
128,11,452,483,63,164,0.905619
128,12,902,390,60,133,0.943787
128,13,1330,469,62,157,0.864866
128,14,149,435,70,139,0.908590
129,0,656,641,67,244,0.961788
129,1,468,451,67,148,0.647739
129,2,0,386,36,109,0.933900
129,5,455,353,30,103,0.904214
129,6,702,448,52,93,0.849267
129,7,759,435,41,127,0.923068
129,8,483,407,54,121,0.887416
129,9,616,418,39,121,0.599538
129,10,716,380,42,124,0.887115
129,11,454,469,63,179,0.875181
129,12,903,391,64,133,0.941211
129,13,1323,470,69,155,0.847596
129,14,153,435,72,135,0.836106
130,0,649,640,73,242,0.959964
130,1,467,453,67,147,0.691551
130,2,0,387,37,111,0.927556
130,5,455,353,30,103,0.902344
130,6,701,452,53,89,0.784827
130,7,758,435,40,127,0.921566
130,8,481,406,55,123,0.894228
130,9,617,418,38,122,0.601646
130,10,714,379,42,126,0.881986
130,11,457,478,63,170,0.902554
130,12,906,391,66,133,0.941461
130,13,1315,471,76,154,0.839161
130,14,160,436,85,129,0.901772
131,0,642,639,78,243,0.959723
131,1,468,454,66,148,0.659394
131,2,0,388,38,110,0.918924
131,5,455,353,30,103,0.898894
131,6,701,447,28,93,0.858459
131,7,758,435,37,127,0.919768
131,8,479,405,56,123,0.879653
131,9,611,418,42,122,0.617231
131,10,713,379,41,125,0.877483
131,11,459,476,63,174,0.922027
131,12,909,393,66,133,0.940282
131,13,1314,471,76,154,0.842383
131,14,168,439,83,133,0.921990
132,0,636,639,83,243,0.961004
132,1,463,455,69,147,0.635835
132,2,0,389,38,110,0.914185
132,5,455,353,30,102,0.898386
132,6,700,447,25,93,0.795364
132,7,757,436,37,126,0.916111
132,8,479,404,54,120,0.886413
132,9,595,419,57,121,0.623500
132,10,711,378,42,126,0.860334
132,11,462,468,60,183,0.895162
132,12,915,392,64,134,0.939873
132,13,1308,471,79,152,0.852127
132,14,181,441,72,132,0.930710
133,0,633,638,84,244,0.964048
133,1,462,455,70,149,0.590733
133,2,0,390,38,110,0.924445
133,5,455,353,30,102,0.898792
133,6,700,447,23,93,0.833616
133,7,755,436,39,126,0.914120
133,8,476,403,57,117,0.896724
133,9,594,417,57,122,0.662813
133,10,709,378,43,125,0.838834
133,11,465,476,58,175,0.898677
133,12,919,393,62,134,0.934094
133,13,1302,469,81,154,0.874381
133,14,197,441,57,132,0.936355
134,0,631,637,86,244,0.944790
134,1,461,449,70,155,0.717548
134,2,0,390,38,110,0.913763
134,5,455,353,30,102,0.900883
134,6,699,445,23,95,0.860736
134,7,753,438,41,124,0.915500
134,8,466,402,66,121,0.885730
134,9,585,404,111,181,0.919608
134,10,707,377,41,124,0.822043
134,11,466,478,62,173,0.908653
134,12,925,393,58,133,0.933344
134,13,1297,468,79,152,0.878969
134,14,215,441,49,133,0.939485
135,0,628,637,89,244,0.960407
135,1,461,453,69,153,0.641807
135,2,0,390,39,110,0.920940
135,5,455,353,30,102,0.901159
135,6,699,443,23,97,0.857863
135,7,749,439,44,123,0.909199
135,8,466,401,65,133,0.865206
135,9,592,415,58,123,0.752253
135,10,705,377,41,123,0.815954
135,11,462,475,65,176,0.926867
135,12,932,392,51,134,0.936793
135,13,1295,467,71,152,0.846144
135,14,225,439,46,135,0.941403
136,0,628,637,89,244,0.962054
136,1,460,454,67,163,0.573928
136,2,0,390,40,110,0.910422
136,5,455,352,30,102,0.897004
136,6,699,442,21,98,0.855660
136,7,749,439,44,122,0.907815
136,8,461,400,69,135,0.823390
136,9,592,415,57,123,0.756016
136,10,703,378,39,118,0.827087
136,11,462,475,66,176,0.915900
136,12,939,391,43,135,0.944372
136,13,1296,466,59,153,0.826787
136,14,233,436,48,138,0.938760
137,0,627,637,90,244,0.963076
137,1,460,454,69,179,0.672764
137,2,0,390,41,110,0.916159
137,5,455,352,30,102,0.898935
137,6,698,443,21,97,0.852410
137,7,747,438,46,123,0.903443
137,8,460,400,69,138,0.788395
137,9,591,414,56,126,0.752335
137,10,701,376,41,120,0.837523
137,11,463,476,66,175,0.889721
137,12,947,391,35,135,0.941105
137,13,1295,464,47,154,0.798995
137,14,237,434,60,140,0.932279
138,0,626,637,90,244,0.962891
138,1,460,451,73,198,0.629731
138,2,0,390,42,109,0.920164
138,5,454,352,31,102,0.899768
138,6,698,442,21,98,0.822256
138,7,744,437,48,123,0.885705
138,8,460,400,68,140,0.787146
138,9,588,411,57,129,0.743686
138,10,700,376,42,120,0.842639
138,11,475,489,58,162,0.926185
138,12,953,391,32,135,0.937306
138,13,1294,464,37,155,0.788427
138,14,245,433,68,137,0.933441
139,0,625,636,90,244,0.965879
139,1,459,455,56,139,0.590636
139,2,0,390,42,109,0.921777
139,5,455,352,30,102,0.892322
139,6,698,439,19,101,0.827913
139,7,745,436,46,124,0.892966
139,8,460,401,68,150,0.801013
139,9,588,414,56,125,0.748912
139,10,699,375,39,122,0.852848
139,11,479,492,58,158,0.926300
139,12,955,391,37,135,0.935374
139,13,1286,463,39,156,0.776062
139,14,250,432,70,135,0.924112
140,0,625,636,90,242,0.964615
140,1,459,455,59,150,0.565706
140,2,0,389,43,110,0.912707
140,5,455,352,30,102,0.889630
140,6,697,438,20,101,0.781686
140,7,743,436,45,123,0.893381
140,8,459,402,67,149,0.800401
140,9,588,410,55,130,0.741449
140,10,698,375,38,121,0.835276
140,11,482,497,60,153,0.923088
140,12,955,392,43,135,0.934283
140,13,1284,463,36,156,0.839057
140,14,260,433,75,134,0.932645
141,0,625,635,89,241,0.963142
141,1,459,455,71,158,0.704622
141,2,0,390,44,109,0.921584
141,5,455,352,30,102,0.884762
141,6,697,443,19,96,0.772417
141,7,742,434,42,123,0.902143
141,8,459,402,64,149,0.816085
141,9,587,408,56,132,0.758529
141,10,698,374,35,122,0.862896
141,11,484,486,66,164,0.927409
141,12,955,394,54,133,0.936522
141,13,1267,463,51,156,0.864212
141,14,271,435,71,137,0.929171
142,0,623,634,91,239,0.964170
142,1,459,457,56,139,0.756977
142,2,0,390,46,109,0.929248
142,5,454,352,31,102,0.864895
142,6,694,440,19,99,0.724793
142,7,741,433,40,122,0.910413
142,8,460,403,62,145,0.712138
142,9,583,398,64,150,0.905633
142,10,696,374,36,122,0.855500
142,11,486,486,73,164,0.923398
142,12,956,394,59,132,0.943173
142,13,1278,463,40,156,0.892317
142,14,287,437,56,135,0.923191
143,0,619,633,93,238,0.961759
143,1,460,458,43,150,0.832408
143,2,0,391,49,110,0.924349
143,5,454,352,30,100,0.864320
143,6,693,442,19,97,0.612652
143,7,739,432,38,123,0.915843
143,8,461,401,60,137,0.769881
143,9,585,406,57,134,0.768758
143,10,695,374,34,122,0.861915
143,11,489,490,78,161,0.933971
143,12,956,395,65,131,0.940085
143,13,1274,464,44,154,0.922757
143,14,304,437,43,135,0.919514
144,0,614,632,95,236,0.955686
144,1,460,459,59,151,0.872539
144,2,0,392,50,110,0.919083
144,5,454,352,30,95,0.851256
144,6,692,442,18,97,0.540101
144,7,737,431,38,124,0.927162
144,8,465,399,57,136,0.807041
144,9,584,406,52,133,0.760268
144,10,695,375,34,121,0.878730
144,11,494,493,77,158,0.934267
144,12,957,395,68,132,0.939837
144,13,1254,464,64,155,0.921692
144,14,318,437,43,135,0.936840
145,0,610,631,97,232,0.954927
145,1,460,461,61,149,0.850810
145,2,0,393,52,111,0.903741
145,5,454,352,31,82,0.860818
145,6,691,442,18,96,0.530888
145,7,734,430,40,123,0.919150
145,8,464,400,58,122,0.855830
145,9,584,405,51,134,0.731146
145,10,695,375,34,121,0.878004
145,11,495,494,79,157,0.940741
145,12,958,396,68,132,0.942046
145,13,1248,463,69,155,0.917270
145,14,322,435,51,137,0.934125
146,0,605,631,99,232,0.955866
146,1,461,463,56,148,0.826849
146,2,0,393,53,111,0.906102
146,5,454,352,31,82,0.840591
146,6,677,441,28,95,0.635968
146,7,736,430,36,123,0.918501
146,8,464,399,53,122,0.855595
146,9,583,407,49,132,0.703945
146,10,695,376,33,120,0.880637
146,11,495,490,80,161,0.935130
146,12,962,396,65,132,0.938463
146,13,1244,463,71,155,0.908111
146,14,325,432,58,140,0.928430
147,0,602,630,100,231,0.958502
147,1,462,461,54,153,0.857351
147,2,0,394,53,111,0.898151
147,5,454,352,32,82,0.845719
147,6,670,440,33,99,0.770096
147,7,736,430,37,123,0.916564
147,8,464,399,52,121,0.746602
147,9,581,398,63,143,0.816032
147,10,694,373,34,123,0.874196
147,11,498,489,78,163,0.929658
147,12,965,396,64,132,0.938398
147,13,1238,462,73,154,0.901190
147,14,329,430,70,142,0.930851
148,0,598,629,100,232,0.958725
148,1,463,462,54,158,0.909244
148,2,5,395,48,111,0.898049
148,5,454,352,32,83,0.783378
148,6,663,440,40,99,0.798136
148,7,733,430,39,123,0.910675
148,8,460,388,55,134,0.750547
148,9,581,408,49,131,0.701425
148,10,694,374,34,121,0.853369
148,11,505,490,74,163,0.944509
148,12,973,395,56,133,0.934978
148,13,1234,462,68,152,0.886543
148,14,334,431,77,136,0.918016
149,0,594,629,100,232,0.959214
149,1,463,463,57,158,0.903828
149,2,5,396,48,110,0.895507
149,5,454,352,31,84,0.743929
149,6,671,439,32,100,0.780793
149,7,726,430,46,124,0.912586
149,8,458,384,56,90,0.743864
149,9,579,407,50,118,0.548210
149,10,693,373,34,122,0.842288
149,11,507,490,72,163,0.945647
149,12,980,395,49,133,0.932934
149,13,1233,460,60,149,0.820849
149,14,340,431,84,133,0.929879
150,0,591,628,98,233,0.958940
150,1,465,460,58,160,0.846189
150,2,6,397,47,109,0.903869
150,5,453,352,32,92,0.647480
150,6,654,437,48,103,0.863892
150,7,722,429,49,125,0.912388
150,8,458,387,56,162,0.732030
150,9,579,406,49,132,0.661634
150,10,693,373,31,120,0.839498
150,11,509,489,70,164,0.944960
150,12,991,394,42,134,0.939133
150,13,1233,458,49,150,0.789493
150,14,349,432,81,135,0.929949
151,0,590,628,96,233,0.958242
151,1,465,465,62,155,0.910006
151,2,6,397,46,109,0.909779
151,5,452,352,32,84,0.624206
151,6,661,439,41,101,0.810987
151,7,717,432,53,121,0.911597
151,8,458,389,52,152,0.750071
151,9,572,410,34,110,0.531115
151,10,692,373,30,120,0.788234
151,11,514,489,65,164,0.945288
151,12,1001,393,35,136,0.944695
151,13,1232,457,40,151,0.843041
151,14,362,435,71,134,0.932444
152,0,588,627,96,234,0.958584
152,1,465,468,64,152,0.924011
152,2,7,396,45,110,0.907548
152,5,453,352,31,106,0.625108
152,6,660,440,43,100,0.802113
152,7,715,433,53,120,0.910108
152,8,457,388,53,153,0.775778
152,9,572,411,32,107,0.519348
152,10,692,373,29,119,0.765135
152,11,519,489,60,164,0.944973
152,12,1007,393,33,138,0.939009
152,13,1225,456,37,152,0.829300
152,14,379,436,58,133,0.934381
153,0,587,627,96,234,0.964517
153,1,465,462,64,159,0.924578
153,2,7,396,46,110,0.912586
153,5,453,352,31,100,0.623563
153,6,659,439,43,100,0.810531
153,7,714,434,52,119,0.907276
153,8,456,389,52,152,0.787277
153,9,575,408,47,116,0.552897
153,10,692,371,27,119,0.618985
153,11,522,489,57,164,0.944776
153,12,1007,394,37,138,0.938669
153,13,1224,455,33,153,0.860609
153,14,397,436,50,133,0.930250
154,0,585,626,95,235,0.967611
154,1,466,463,63,158,0.930698
154,2,8,396,45,110,0.916976
154,5,453,352,31,106,0.636247
154,6,660,440,42,99,0.762474
154,7,714,437,50,116,0.905577
154,8,454,390,53,149,0.806111
154,9,573,422,17,96,0.775902
154,10,675,367,40,123,0.508107
154,11,525,489,55,165,0.943318
154,12,1008,395,47,138,0.942638
154,13,1216,455,37,151,0.892921
154,14,410,434,42,135,0.934034
155,0,584,626,95,235,0.968919
155,1,465,461,65,160,0.931839
155,2,8,396,46,110,0.913819
155,5,453,352,31,102,0.659650
155,6,659,441,43,98,0.782997
155,7,714,436,50,117,0.906207
155,8,455,390,52,149,0.833726
155,9,572,421,17,96,0.809131
155,10,662,361,48,129,0.624131
155,11,527,490,57,167,0.937591
155,12,1008,396,57,136,0.937884
155,13,1208,455,43,151,0.890999
155,14,414,432,48,138,0.935187
156,0,584,625,93,236,0.969458
156,1,468,445,62,176,0.933071
156,2,9,396,45,110,0.922185
156,3,0,444,37,116,0.936737
156,5,453,352,30,90,0.630867
156,6,659,439,43,99,0.801461
156,7,710,437,54,115,0.903824
156,8,450,390,56,169,0.802917
156,9,571,420,17,95,0.809986
156,10,663,363,44,127,0.732398
156,11,530,490,60,169,0.936156
156,12,1008,397,65,136,0.939696
156,13,1211,455,40,151,0.910899
156,14,419,430,58,140,0.904061
157,0,584,625,90,236,0.965178
157,1,469,448,61,173,0.918076
157,2,10,396,45,111,0.924780
157,3,0,444,38,116,0.931945
157,5,453,352,31,81,0.607359
157,6,659,436,43,102,0.813819
157,7,707,435,57,117,0.913776
157,8,452,388,53,153,0.676188
157,9,569,419,20,94,0.782137
157,10,662,361,44,130,0.801470
157,11,531,490,60,171,0.933190
157,12,1008,398,69,135,0.938226
157,13,1207,455,44,151,0.897012
157,14,425,435,51,130,0.883442
158,0,584,624,88,237,0.962762
158,1,452,440,78,181,0.883930
158,2,10,395,46,113,0.926249
158,3,0,443,42,117,0.928771
158,5,451,353,34,106,0.609608
158,6,656,436,46,102,0.808029
158,7,706,432,57,119,0.903210
158,8,435,390,68,169,0.633230
158,9,567,415,21,98,0.792213
158,10,662,361,43,131,0.801278
158,11,534,491,59,173,0.933093
158,12,1009,399,68,135,0.935299
158,13,1201,456,50,150,0.890103
158,14,431,435,62,125,0.815415
159,0,581,624,89,237,0.961318
159,1,467,457,62,163,0.923400
159,2,11,396,45,115,0.934894
159,3,0,444,45,116,0.927742
159,5,453,352,31,61,0.685554
159,6,649,436,53,104,0.855150
159,7,705,430,57,119,0.894949
159,8,441,390,60,164,0.834763
159,9,565,408,22,105,0.812899
159,10,662,361,42,130,0.819889
159,11,538,492,59,172,0.936889
159,12,1012,399,70,135,0.932833
159,13,1196,456,55,150,0.876052
159,14,441,411,60,143,0.600033
160,0,584,623,83,237,0.960281
160,1,471,459,58,162,0.900949
160,2,12,398,45,114,0.931575
160,3,0,443,50,118,0.923695
160,5,453,350,31,60,0.726278
160,6,654,442,48,94,0.762944
160,7,704,431,58,117,0.895810
160,8,447,391,56,156,0.825039
160,9,563,407,24,105,0.814539
160,10,661,360,42,131,0.812594
160,11,540,494,60,169,0.933174
160,12,1016,399,67,136,0.933882
160,13,1181,455,67,150,0.880118
160,14,450,410,68,157,0.725654
161,0,584,622,80,238,0.959030
161,1,467,458,60,163,0.888528
161,2,13,399,45,114,0.927634
161,3,0,448,53,115,0.914636
161,5,448,354,47,116,0.641480
161,6,654,443,48,93,0.756755
161,7,701,430,58,118,0.893726
161,8,446,392,51,150,0.837129
161,9,561,404,29,110,0.800419
161,10,596,355,103,143,0.857583
161,11,542,496,61,168,0.932209
161,12,1022,398,62,137,0.924696
161,13,1185,454,59,150,0.884912
161,14,473,433,56,136,0.610421
162,0,585,622,77,238,0.955574
162,1,466,457,49,164,0.880567
162,2,14,399,45,115,0.928527
162,3,0,447,55,117,0.911492
162,5,453,352,44,111,0.627417
162,6,647,439,55,101,0.822865
162,7,702,428,54,120,0.900860
162,8,445,390,54,150,0.836355
162,9,559,403,39,119,0.793284
162,10,661,360,40,131,0.774687
162,11,545,496,61,169,0.941245
162,12,1028,399,57,136,0.914529
162,13,1165,453,73,146,0.897280
162,14,496,433,33,136,0.841512
163,0,586,621,74,239,0.955776
163,1,466,457,51,164,0.899480
163,2,15,400,45,114,0.929835
163,3,0,447,56,118,0.912980
163,5,453,352,43,108,0.650112
163,6,651,449,46,85,0.566375
163,7,700,427,55,121,0.910661
163,8,445,390,52,150,0.838164
163,9,557,402,35,104,0.827070
163,10,648,359,53,131,0.761277
163,11,547,496,60,170,0.936688
163,12,1037,398,48,137,0.917944
163,13,1165,452,65,146,0.874040
163,14,499,433,42,136,0.832101
164,0,587,619,73,241,0.953492
164,1,466,456,51,165,0.925607
164,2,16,401,45,114,0.925284
164,3,0,447,55,119,0.902622
164,5,453,350,43,104,0.767956
164,6,649,449,47,89,0.510181
164,7,701,427,49,121,0.904983
164,8,443,390,52,149,0.835881
164,9,555,402,36,100,0.870230
164,10,648,359,53,133,0.718542
164,11,550,496,59,170,0.931706
164,12,1047,398,40,137,0.915407
164,13,1163,450,58,148,0.863943
164,14,509,431,44,138,0.882325
165,0,587,618,72,242,0.948933
165,1,466,456,56,164,0.934346
165,2,17,402,45,113,0.914617
165,3,0,446,56,120,0.906542
165,5,453,351,41,103,0.722742
165,6,648,452,47,86,0.564215
165,7,700,425,47,122,0.915280
165,8,442,389,52,150,0.844710
165,9,552,401,39,100,0.864611
165,10,595,355,103,141,0.799015
165,11,554,497,57,168,0.926182
165,12,1057,397,33,138,0.917610
165,13,1163,449,48,148,0.834792
165,14,509,429,54,140,0.909789
166,0,587,617,72,242,0.953152
166,1,465,455,60,166,0.943732
166,2,18,402,45,113,0.912125
166,3,0,446,55,126,0.891116
166,5,453,351,40,103,0.719470
166,6,647,453,47,85,0.612639
166,7,699,423,42,124,0.929791
166,8,440,389,53,149,0.854500
166,9,554,401,41,108,0.781131
166,10,646,359,52,128,0.707077
166,11,557,497,55,166,0.929980
166,12,1063,396,32,139,0.930459
166,13,1157,448,40,149,0.876664
166,14,512,427,65,141,0.855453
167,0,587,615,71,244,0.954100
167,1,465,455,59,168,0.939942
167,2,19,402,45,114,0.911973
167,3,0,446,55,121,0.883419
167,5,453,351,39,103,0.716340
167,6,626,449,68,89,0.668009
167,7,698,423,42,124,0.931451
167,8,439,388,53,144,0.860009
167,9,551,399,43,98,0.548148
167,10,645,359,53,126,0.695984
167,11,560,498,54,164,0.915516
167,12,1063,397,40,137,0.930780
167,13,1151,447,42,151,0.804299
167,14,516,425,68,139,0.899863
168,0,587,614,69,244,0.952990
168,1,465,456,58,167,0.937621
168,2,20,402,45,113,0.898614
168,3,0,446,55,126,0.858136
168,5,453,351,39,104,0.713532
168,6,625,448,47,90,0.708280
168,7,698,423,41,125,0.930029
168,8,437,387,54,118,0.841748
168,9,546,413,40,93,0.656909
168,10,644,358,53,127,0.729778
168,11,562,496,58,159,0.926954
168,12,1063,398,49,137,0.943012
168,13,1150,447,39,150,0.843179
168,14,522,416,63,144,0.894887
169,0,588,615,66,242,0.956568
169,1,463,457,59,167,0.942125
169,2,20,402,46,114,0.866654
169,3,0,446,56,121,0.857330
169,5,453,352,37,98,0.696724
169,6,626,448,46,91,0.708788
169,7,697,423,40,124,0.929055
169,8,436,386,53,110,0.845219
169,9,547,400,40,118,0.851286
169,10,644,358,53,124,0.781625
169,11,565,497,55,157,0.927697
169,12,1063,400,61,135,0.936145
169,13,1151,447,35,151,0.880765
169,14,532,414,56,139,0.822611
170,0,587,611,64,245,0.957104
170,1,464,457,57,167,0.935857
170,2,21,402,46,106,0.837184
170,3,0,448,58,119,0.880372
170,5,453,352,35,96,0.723456
170,6,611,276,86,266,0.867264
170,7,698,423,37,125,0.927791
170,8,436,386,52,113,0.837833
170,9,545,399,43,116,0.905057
170,10,641,358,56,124,0.835478
170,11,549,497,75,153,0.905018
170,12,1063,401,66,134,0.934378
170,13,1134,446,50,152,0.895271
170,14,544,401,75,185,0.569581
171,0,588,609,61,246,0.950953
171,1,464,457,55,166,0.939832
171,2,21,402,47,109,0.888398
171,3,6,449,53,118,0.892890
171,5,452,353,35,94,0.720038
171,6,610,276,86,265,0.871424
171,7,697,423,37,125,0.923119
171,8,435,386,52,112,0.859126
171,9,543,398,38,114,0.896074
171,10,641,358,55,125,0.864349
171,11,561,496,66,154,0.892835
171,12,1064,401,70,138,0.924771
171,13,1141,447,43,151,0.901029
171,14,559,415,61,150,0.396894
172,0,585,610,61,243,0.949582
172,1,464,456,54,167,0.939873
172,2,22,402,47,112,0.884838
172,3,7,448,54,118,0.890577
172,5,452,353,34,95,0.730262
172,6,620,455,42,84,0.770914
172,7,697,423,36,125,0.927035
172,8,434,386,52,112,0.850264
172,9,542,398,38,113,0.917021
172,10,622,358,74,126,0.884057
172,11,573,497,59,144,0.903377
172,12,1065,401,68,136,0.924686
172,13,1121,447,62,151,0.893273
172,14,550,414,43,97,0.538716
173,0,583,610,60,241,0.954873
173,1,464,455,53,169,0.943304
173,2,22,403,50,113,0.882242
173,3,8,448,53,118,0.900318
173,5,451,353,34,95,0.744183
173,6,610,293,86,254,0.866168
173,7,697,424,35,124,0.915832
173,8,433,386,52,112,0.858405
173,9,541,398,40,113,0.907743
173,10,621,358,75,126,0.891408
173,11,577,497,61,164,0.929775
173,12,1068,401,66,134,0.928767
173,13,1116,447,66,151,0.876705
173,14,564,407,63,153,0.574001
174,0,579,610,60,241,0.956301
174,1,464,456,52,168,0.943170
174,2,23,404,51,116,0.893716
174,3,8,449,51,118,0.893520
174,5,452,353,32,95,0.764381
174,6,610,439,85,108,0.855537
174,7,696,424,36,124,0.912935
174,8,431,386,53,111,0.862802
174,9,541,399,38,113,0.903839
174,10,620,359,75,125,0.892468
174,11,581,498,69,165,0.943510
174,12,1074,401,59,132,0.906416
174,13,1108,446,72,151,0.834106
174,14,582,405,114,182,0.818869
175,0,576,608,58,243,0.949313
175,1,463,458,52,166,0.947074
175,2,24,404,53,117,0.889699
175,3,9,449,50,120,0.879069
175,5,449,354,35,95,0.819175
175,6,617,449,47,91,0.778686
175,7,696,424,36,124,0.913554
175,8,430,386,53,110,0.871476
175,9,539,398,40,113,0.904837
175,10,622,359,73,125,0.888381
175,11,584,498,74,166,0.937868
175,12,1080,400,54,131,0.885360
175,13,1109,446,67,149,0.845857
175,14,589,410,70,174,0.844865
176,0,573,607,61,242,0.950700
176,1,463,458,51,165,0.945295
176,2,25,405,53,117,0.900707
176,3,9,449,52,121,0.870991
176,5,453,354,32,99,0.818633
176,6,617,441,42,99,0.773374
176,7,696,423,36,124,0.907812
176,8,429,387,51,107,0.864772
176,9,539,397,39,114,0.903483
176,10,621,360,74,124,0.886518
176,11,587,499,78,166,0.941185
176,12,1088,400,49,134,0.864325
176,13,1110,444,59,149,0.848707
176,14,594,439,67,142,0.782973
177,0,571,607,64,241,0.955560
177,1,461,459,52,164,0.946663
177,2,26,406,52,116,0.884779
177,3,13,449,51,121,0.869951
177,5,452,354,34,96,0.800220
177,6,595,438,101,103,0.834165
177,8,428,387,50,105,0.862634
177,9,537,397,41,114,0.906494
177,10,619,361,76,123,0.865365
177,11,590,499,78,166,0.949191
177,12,1098,399,43,136,0.739540
177,13,1109,444,53,143,0.839419
177,14,593,406,109,180,0.881422
178,0,568,607,67,240,0.955678
178,1,459,457,53,166,0.944625
178,2,27,408,53,115,0.901898
178,3,12,450,53,120,0.879523
178,5,452,354,34,97,0.801426
178,6,595,438,101,102,0.805068
178,8,426,386,50,107,0.886982
178,9,536,396,40,114,0.905984
178,10,618,361,77,122,0.853613
178,11,593,500,75,166,0.944537
178,12,1113,397,33,136,0.658830
178,13,1103,442,50,143,0.847642
178,14,620,429,83,158,0.855333
179,0,566,607,68,238,0.955358
179,1,458,459,53,164,0.943476
179,2,27,408,52,114,0.905430
179,3,15,449,51,120,0.892970
179,5,452,354,33,100,0.827817
179,6,594,436,102,100,0.725311
179,8,425,386,49,106,0.883858
179,9,535,396,41,110,0.910439
179,10,617,361,77,122,0.827400
179,11,597,500,74,167,0.950687
179,12,1119,398,33,140,0.778458
179,13,1097,440,48,145,0.895016
179,14,631,422,72,163,0.715338
180,0,559,607,75,236,0.960669
180,1,457,459,53,164,0.943508
180,2,28,409,52,112,0.900886
180,3,17,452,54,118,0.891503
180,5,452,354,33,89,0.832953
180,6,610,439,39,87,0.462471
180,8,423,385,50,107,0.872977
180,9,534,394,41,110,0.921615
180,10,616,362,78,120,0.802713
180,11,599,500,73,167,0.961167
180,12,1123,399,33,140,0.891877
180,13,1093,441,42,144,0.885353
180,14,642,423,62,150,0.527838
181,0,549,607,85,234,0.957072
181,1,456,459,54,164,0.945111
181,2,28,408,53,106,0.898343
181,3,18,456,55,115,0.876918
181,5,452,354,33,88,0.839333
181,6,614,499,23,34,0.651467
181,8,421,386,51,106,0.874402
181,9,532,393,38,110,0.931714
181,10,611,362,68,120,0.840949
181,11,603,499,69,169,0.960701
181,12,1123,400,44,139,0.913558
181,13,1088,437,43,148,0.844447
181,14,693,425,33,128,0.505584
182,0,542,607,92,233,0.957274
182,1,455,459,56,164,0.942699
182,2,29,408,55,107,0.899355
182,3,21,458,53,113,0.880443
182,5,452,353,33,91,0.859076
182,6,618,499,21,28,0.767133
182,8,420,386,48,106,0.882292
182,9,531,392,37,111,0.947382
182,10,589,346,105,151,0.899751
182,11,605,499,67,169,0.961305
182,12,1121,401,58,138,0.927380
182,13,1084,425,44,159,0.791793
182,14,694,425,31,131,0.810856
183,0,536,607,97,231,0.954628
183,1,453,459,57,164,0.941966
183,2,29,408,58,122,0.897737
183,3,23,455,51,116,0.881799
183,5,452,353,33,94,0.859154
183,6,621,498,21,32,0.547516
183,8,417,386,48,106,0.882878
183,9,529,392,37,111,0.949788
183,10,587,343,108,155,0.885138
183,11,610,499,62,169,0.960117
183,12,1120,402,68,137,0.919398
183,13,1081,427,45,157,0.778811
183,14,695,423,37,130,0.854750
184,0,532,607,101,229,0.955499
184,1,452,459,58,166,0.945049
184,2,28,407,58,125,0.902240
184,3,25,455,50,116,0.900870
184,5,452,353,33,94,0.863543
184,6,588,438,106,97,0.681045
184,8,416,385,48,107,0.893377
184,9,527,391,37,112,0.945367
184,10,581,339,113,159,0.815105
184,11,608,498,64,170,0.956123
184,12,1120,403,74,136,0.919044
184,13,1066,438,59,146,0.850075
184,14,697,423,44,129,0.901597
185,0,530,607,103,228,0.954454
185,1,451,459,58,168,0.944874
185,2,31,407,58,121,0.865875
185,3,27,454,48,117,0.906984
185,5,452,353,33,95,0.860271
185,6,587,432,63,104,0.776166
185,8,415,385,48,107,0.886906
185,9,526,391,37,112,0.927052
185,10,601,363,57,120,0.675924
185,11,615,498,57,170,0.958410
185,12,1120,404,76,136,0.915167
185,13,1058,441,67,143,0.844536
185,14,700,425,49,126,0.872442
186,0,529,608,105,228,0.956724
186,1,449,460,60,168,0.946072
186,2,32,407,59,98,0.857817
186,3,28,451,48,120,0.918413
186,4,0,445,43,134,0.920712
186,5,452,353,33,95,0.858744
186,6,594,439,48,89,0.620541
186,8,413,384,50,108,0.892295
186,9,524,391,36,112,0.919607
186,10,581,343,106,154,0.887949
186,11,620,498,52,173,0.958953
186,12,1122,404,75,137,0.920157
186,13,1051,440,74,143,0.823884
186,14,701,427,67,126,0.901553
187,0,527,608,106,228,0.952541
187,1,449,459,61,169,0.946075
187,2,34,407,56,119,0.853870
187,3,29,451,48,120,0.923853
187,4,0,446,43,133,0.923784
187,5,452,353,33,95,0.861534
187,6,588,439,51,99,0.705306
187,8,411,385,48,107,0.887640
187,9,521,391,37,112,0.914319
187,10,599,363,58,121,0.606353
187,11,623,499,51,173,0.961307
187,12,1126,404,73,137,0.921486
187,13,1045,440,79,142,0.800084
187,14,705,424,74,128,0.907284
188,0,526,608,107,228,0.956641
188,1,449,459,61,169,0.946087
188,2,37,408,57,118,0.851101
188,3,30,449,48,122,0.931852
188,4,0,446,42,134,0.930120
188,5,451,353,33,97,0.867489
188,6,588,439,49,100,0.741942
188,8,410,385,48,107,0.889807
188,9,519,391,38,112,0.908126
188,10,596,363,62,122,0.686239
188,11,626,499,53,175,0.962814
188,12,1131,404,68,137,0.928459
188,13,1042,447,80,134,0.789185
188,14,711,426,75,127,0.909671
189,0,526,609,106,227,0.955421
189,1,451,459,60,169,0.950253
189,2,33,411,62,82,0.834967
189,3,32,451,47,119,0.930004
189,4,0,445,42,134,0.938048
189,5,451,353,33,97,0.867738
189,6,587,439,51,100,0.769220
189,8,409,384,49,108,0.899255
189,9,519,391,38,112,0.909491
189,10,595,363,60,123,0.702001
189,11,628,500,55,176,0.964176
189,12,1139,404,62,137,0.933335
189,13,1044,446,76,135,0.780833
189,14,723,430,69,126,0.905857
190,0,526,609,106,227,0.956345
190,1,452,459,59,169,0.951294
190,2,37,413,59,76,0.827855
190,3,32,450,48,121,0.924764
190,4,0,445,42,135,0.935427
190,5,451,353,33,98,0.873213
190,6,586,439,56,100,0.772141
190,8,408,384,48,108,0.905906
190,9,518,392,39,111,0.911311
190,10,580,342,100,148,0.898771
190,11,631,500,56,178,0.959161
190,12,1147,403,55,138,0.927591
190,13,1044,442,71,137,0.803625
190,14,738,426,54,130,0.905280
191,0,525,609,105,227,0.953645
191,1,453,458,57,170,0.953276
191,2,39,415,57,72,0.806731
191,3,34,451,48,120,0.915471
191,4,0,445,42,135,0.935214
191,5,451,353,32,101,0.874962
191,6,585,439,50,100,0.771064
191,8,406,384,49,108,0.912552
191,9,517,392,39,110,0.915756
191,10,593,362,55,123,0.645128
191,11,634,501,62,177,0.955467
191,12,1157,403,47,138,0.921993
191,13,1043,436,65,140,0.816848
191,14,754,427,45,128,0.894292
192,0,525,609,104,227,0.958408
192,1,453,459,57,169,0.953638
192,2,39,416,59,71,0.797987
192,3,34,453,53,118,0.906125
192,4,0,446,42,136,0.931753
192,5,450,353,33,101,0.870771
192,6,585,439,45,100,0.768201
192,8,405,384,49,108,0.912901
192,9,516,392,40,110,0.911168
192,10,591,362,54,123,0.602809
192,11,637,503,66,174,0.956580
192,12,1167,402,39,139,0.926814
192,13,1042,436,57,138,0.818666
192,14,769,425,42,130,0.913563
193,0,523,609,105,227,0.961368
193,1,453,459,57,169,0.952842
193,2,41,416,57,75,0.834653
193,3,35,452,56,119,0.919729
193,4,0,446,42,138,0.935409
193,5,450,353,31,101,0.881027
193,6,581,439,48,100,0.767731
193,8,404,384,48,108,0.915181
193,9,514,391,42,111,0.910952
193,10,589,362,54,122,0.548634
193,11,640,503,68,174,0.956298
193,12,1176,403,35,138,0.930387
193,13,1040,435,51,140,0.786968
193,14,770,425,53,130,0.912331
194,0,516,609,110,227,0.957502
194,1,455,459,55,169,0.953676
194,2,41,416,60,81,0.833606
194,3,36,452,58,119,0.919267
194,4,0,447,42,139,0.928427
194,5,450,353,30,101,0.885016
194,6,581,439,47,100,0.709840
194,8,403,384,47,107,0.915812
194,9,513,391,41,110,0.910728
194,10,578,339,97,152,0.827548
194,11,643,504,67,173,0.954801
194,12,1179,404,38,137,0.937470
194,13,1035,436,44,138,0.849105
194,14,774,419,59,135,0.899218
195,0,508,609,114,227,0.951825
195,1,456,460,54,167,0.952962
195,2,42,416,60,114,0.825771
195,3,37,452,58,119,0.914989
195,4,0,447,42,141,0.935952
195,5,449,353,31,101,0.889027
195,6,580,439,46,100,0.641974
195,8,402,384,47,107,0.920376
195,9,511,390,41,109,0.913149
195,10,580,363,62,120,0.529076
195,11,646,505,67,173,0.954779
195,12,1179,404,46,137,0.932030
195,13,1029,436,41,138,0.887963
195,14,780,415,68,137,0.902445
196,0,505,609,111,227,0.954489
196,1,458,460,52,167,0.955054
196,2,43,416,62,72,0.835368
196,3,38,454,57,117,0.916428
196,4,0,448,42,141,0.932559
196,5,449,353,31,101,0.893839
196,6,580,438,44,101,0.607373
196,8,400,383,48,109,0.908355
196,9,510,388,41,109,0.910934
196,10,580,364,61,124,0.619371
196,11,648,505,66,175,0.952370
196,12,1179,405,59,136,0.928429
196,13,1027,431,41,143,0.871342
196,14,785,418,79,132,0.908637
197,0,505,609,107,228,0.954986
197,1,460,460,49,168,0.952435
197,2,44,416,63,74,0.840831
197,3,39,453,58,119,0.913242
197,4,0,449,41,140,0.932742
197,5,449,353,31,101,0.893820
197,6,580,431,63,117,0.804208
197,8,399,382,48,109,0.912670
197,9,506,388,41,108,0.914299
197,10,580,352,61,135,0.648029
197,11,651,505,64,175,0.952326
197,12,1180,406,66,135,0.926038
197,13,1029,432,34,142,0.789073
197,14,793,417,81,132,0.905084
198,0,499,609,106,228,0.949390
198,1,460,460,47,166,0.951972
198,2,44,416,65,94,0.794069
198,3,40,454,57,118,0.902734
198,4,0,448,41,142,0.928841
198,5,449,353,31,101,0.893463
198,6,579,438,43,101,0.592812
198,8,397,381,49,108,0.915914
198,9,505,387,39,109,0.929741
198,10,574,342,70,149,0.886852
198,11,655,505,60,176,0.951489
198,12,1180,408,70,133,0.929602
198,13,1027,432,36,142,0.877324
198,14,803,417,76,134,0.906063
199,0,493,609,105,228,0.957598
199,1,460,460,48,163,0.952152
199,2,46,414,56,96,0.725465
199,3,41,453,57,119,0.902240
199,4,0,449,42,142,0.933523
199,5,449,353,30,101,0.891581
199,6,579,438,41,101,0.623205
199,8,395,380,49,109,0.911949
199,9,504,387,41,109,0.943504
199,10,578,351,59,138,0.694768
199,11,659,505,56,176,0.949530
199,12,1180,408,72,133,0.923660
199,13,1006,431,57,143,0.880185
199,14,816,417,66,134,0.910578
200,0,489,609,101,228,0.953433
200,1,460,460,48,164,0.950093
200,2,46,415,64,75,0.826669
200,3,43,453,55,119,0.915124
200,4,0,450,43,142,0.948221
200,5,449,353,31,101,0.883943
200,6,579,438,40,101,0.676428
200,8,393,380,49,109,0.909502
200,9,502,386,44,110,0.940123
200,10,577,351,57,137,0.721297
200,11,663,505,54,176,0.947142
200,12,1183,409,71,131,0.920178
200,13,1001,431,61,143,0.874995
200,14,831,418,55,133,0.905554
201,0,485,610,97,227,0.948683
201,1,460,461,48,162,0.947210
201,2,47,415,64,111,0.837888
201,3,44,454,55,118,0.920212
201,4,0,451,46,142,0.942787
201,5,448,353,33,101,0.888460
201,6,579,438,39,101,0.705773
201,8,392,380,48,108,0.915854
201,9,501,386,45,111,0.934823
201,10,573,360,58,128,0.768076
201,11,666,506,53,175,0.950405
201,12,1187,408,71,133,0.916026
201,13,998,432,64,143,0.868755
201,14,846,418,52,133,0.918311
202,0,475,611,96,226,0.946694
202,1,460,461,48,162,0.948676
202,2,48,416,63,113,0.830878
202,3,45,454,54,118,0.914761
202,4,0,451,46,142,0.945060
202,5,448,353,32,101,0.882248
202,6,579,438,36,101,0.716019
202,8,390,379,49,107,0.920876
202,9,499,386,47,110,0.928520
202,10,573,339,70,150,0.869509
202,11,669,505,53,176,0.951233
202,12,1193,408,70,133,0.919763
202,13,996,431,64,143,0.872111
202,14,858,417,51,134,0.920406
203,0,469,611,94,226,0.953659
203,1,460,461,48,162,0.947924
203,2,50,417,61,115,0.819155
203,3,47,454,54,118,0.905311
203,4,0,451,48,142,0.944028
203,5,448,353,32,101,0.884591
203,6,579,438,35,101,0.739514
203,8,389,378,49,106,0.928359
203,9,498,386,48,110,0.931128
203,10,573,359,56,127,0.776165
203,11,673,506,54,175,0.956777
203,12,1201,408,64,133,0.929583
203,13,994,430,63,144,0.863334
203,14,860,414,58,136,0.928058
204,0,464,611,102,226,0.954753
204,1,460,461,49,162,0.949389
204,2,52,417,59,117,0.826956
204,3,48,453,52,119,0.894135
204,4,0,451,49,142,0.942902
204,5,448,352,32,102,0.884024
204,6,576,432,36,106,0.749033
204,8,386,377,51,106,0.924072
204,9,497,387,48,109,0.927814
204,10,573,352,55,136,0.766722
204,11,676,506,55,175,0.959241
204,12,1209,408,60,133,0.925819
204,13,993,429,59,143,0.861831
204,14,864,411,63,138,0.933017
205,0,459,613,109,224,0.952224
205,1,461,462,48,161,0.947028
205,2,54,417,59,118,0.824443
205,3,48,453,62,119,0.896369
205,4,0,451,49,142,0.944057
205,5,448,352,32,102,0.885389
205,6,568,432,36,98,0.687699
205,8,386,376,50,107,0.927553
205,9,496,387,49,109,0.918012
205,10,573,350,56,138,0.631327
205,11,679,507,56,174,0.951973
205,12,1220,408,54,133,0.923437
205,13,992,428,53,142,0.865587
205,14,870,410,72,137,0.933773
206,0,455,613,114,225,0.945899
206,1,461,462,49,165,0.937439
206,2,55,418,61,117,0.852260
206,3,49,452,53,120,0.907632
206,4,0,452,50,141,0.944345
206,5,447,351,32,103,0.883564
206,6,566,428,39,101,0.631590
206,8,385,376,50,107,0.931689
206,9,495,387,48,109,0.919296
206,10,573,350,51,135,0.481819
206,11,682,507,64,174,0.955509
206,12,1231,408,45,135,0.920671
206,13,989,427,48,141,0.845776
206,14,876,410,78,131,0.929598
207,0,452,612,117,226,0.949746
207,1,461,462,49,161,0.938025
207,2,59,419,58,117,0.858850
207,3,52,452,53,121,0.906427
207,4,0,452,50,141,0.945617
207,5,447,351,32,103,0.890771
207,6,564,426,28,104,0.571012
207,8,385,376,49,107,0.932126
207,9,494,386,45,110,0.915953
207,10,572,349,51,135,0.478404
207,11,685,508,70,173,0.952292
207,12,1235,409,47,137,0.929081
207,13,983,426,45,142,0.799562
207,14,885,411,75,131,0.928527
208,0,450,612,118,226,0.947035
208,1,461,462,49,162,0.936463
208,2,61,419,56,117,0.876324
208,3,52,452,52,122,0.911721
208,4,0,453,52,140,0.944364
208,5,447,351,33,103,0.896248
208,6,563,430,29,100,0.593191
208,8,384,376,50,107,0.920057
208,9,494,386,44,109,0.922545
208,10,572,350,50,134,0.578334
208,11,689,508,73,174,0.952623
208,12,1235,408,49,138,0.934565
208,13,979,425,40,142,0.835957
208,14,897,412,65,131,0.925158
209,0,449,610,118,228,0.948720
209,1,462,463,49,162,0.940651
209,2,63,419,54,117,0.877550
209,3,54,452,56,124,0.908827
209,4,0,453,53,140,0.942594
209,5,446,352,33,102,0.896184
209,6,561,431,31,100,0.622470
209,8,383,376,50,107,0.912147
209,9,492,385,43,110,0.919607
209,10,572,342,53,127,0.556179
209,11,692,509,75,173,0.950878
209,12,1235,409,54,138,0.921642
209,13,976,424,37,143,0.804342
209,14,911,414,56,130,0.913615
210,0,449,611,113,227,0.948937
210,1,462,463,49,163,0.944190
210,2,63,419,54,117,0.879100
210,3,55,452,55,125,0.909731
210,4,0,453,54,140,0.936434
210,5,446,351,31,103,0.894699
210,6,560,435,32,97,0.626186
210,8,383,376,49,107,0.914591
210,9,491,384,43,110,0.921528
210,10,572,341,57,134,0.568065
210,11,692,510,75,172,0.951772
210,12,1235,410,66,137,0.924190
210,13,977,424,32,143,0.851848
210,14,927,415,47,128,0.878140
