1,0,1329,318,239,701,0.980376
1,1,1630,377,75,226,0.960604
1,2,360,385,117,298,0.970939
1,3,616,461,63,146,0.827923
1,4,768,427,45,157,0.918885
1,5,593,433,85,176,0.947526
1,6,688,424,77,175,0.925275
1,7,595,246,85,361,0.908594
1,10,1196,411,42,114,0.905992
1,12,1354,402,30,88,0.905159
2,0,1367,315,201,704,0.981338
2,1,1632,376,76,227,0.960798
2,2,358,385,118,298,0.971480
2,3,615,462,65,145,0.856851
2,4,765,425,46,159,0.923852
2,5,594,433,85,176,0.943709
2,6,680,425,80,174,0.921404
2,7,611,432,71,174,0.850922
2,10,1195,411,41,114,0.899976
2,12,1353,402,28,88,0.905519
3,0,1404,313,184,706,0.980316
3,1,1632,376,79,227,0.961532
3,2,356,385,116,298,0.968686
3,3,612,457,67,150,0.844067
3,4,763,430,49,154,0.920680
3,5,592,432,85,200,0.922851
3,6,680,426,75,173,0.926754
3,7,609,433,72,173,0.861632
3,10,1195,412,40,114,0.888271
3,12,1351,401,29,89,0.904603
4,0,1417,313,196,706,0.982977
4,1,1632,377,81,227,0.960360
4,2,355,385,115,298,0.969357
4,3,609,456,68,151,0.887196
4,4,761,430,47,154,0.927079
4,5,565,432,111,220,0.902544
4,6,677,427,73,173,0.921373
4,7,602,433,78,174,0.926319
4,10,1193,413,39,113,0.892290
4,12,1349,402,29,88,0.914243
5,0,1419,313,205,707,0.982592
5,1,1633,377,81,227,0.959866
5,2,354,385,115,298,0.968539
5,3,607,449,69,159,0.901332
5,4,760,433,47,151,0.927074
5,5,562,432,112,220,0.773944
5,6,677,427,70,173,0.930226
5,7,596,433,84,174,0.935262
5,10,1193,412,38,114,0.899544
5,12,1348,401,29,89,0.920633
6,0,1414,314,229,707,0.980366
6,1,1633,378,84,227,0.956753
6,2,354,386,113,298,0.967670
6,3,601,448,75,161,0.917608
6,4,759,425,48,160,0.942000
6,5,564,432,55,220,0.543017
6,6,676,424,67,176,0.935995
6,7,596,433,83,176,0.941898
6,10,1191,414,38,112,0.894433
6,12,1346,402,30,90,0.927077
7,0,1413,317,279,705,0.973177
7,1,1633,379,86,227,0.956144
7,2,353,386,111,298,0.967545
7,3,603,448,71,162,0.920238
7,4,757,427,49,159,0.939785
7,5,572,428,69,182,0.711998
7,6,677,424,60,177,0.947195
7,7,595,433,82,176,0.939103
7,10,1189,414,38,113,0.906024
7,12,1345,403,30,89,0.924007
8,0,1420,319,258,705,0.944678
8,1,1633,380,88,227,0.953391
8,2,352,387,110,298,0.966986
8,3,600,456,73,155,0.882218
8,4,755,423,49,164,0.936404
8,5,566,428,64,182,0.731682
8,6,676,424,57,178,0.946619
8,7,595,415,81,195,0.942731
8,10,1188,414,37,114,0.899391
8,12,1343,404,30,90,0.927155
9,0,1431,323,287,702,0.951026
9,1,1633,381,90,227,0.951605
9,2,351,388,109,298,0.967969
9,3,596,457,75,154,0.848918
9,4,750,423,52,165,0.934142
9,5,540,425,57,181,0.789076
9,6,675,425,55,178,0.936444
9,7,593,416,82,195,0.942763
9,10,1185,413,39,117,0.905351
9,12,1341,405,31,89,0.923053
10,0,1447,326,284,699,0.904636
10,1,1639,382,85,227,0.925924
10,2,350,388,109,299,0.968000
10,3,592,280,80,333,0.904678
10,4,743,422,58,167,0.929254
10,5,535,424,58,174,0.794020
10,6,674,427,54,177,0.913199
10,7,592,414,82,197,0.937641
10,10,1183,413,40,117,0.915497
10,12,1339,407,31,89,0.914609
11,0,1450,326,299,700,0.909219
11,1,1656,376,70,233,0.907527
11,2,350,389,109,299,0.967758
11,3,594,457,72,154,0.699811
11,4,738,423,62,167,0.928127
11,5,532,425,58,169,0.802239
11,6,673,430,54,174,0.898158
11,7,592,415,81,197,0.927343
11,10,1179,413,42,118,0.919131
11,12,1338,407,31,89,0.910885
12,0,1458,327,377,701,0.948104
12,1,1613,358,111,214,0.708044
12,2,349,390,109,299,0.968609
12,3,590,297,82,317,0.793856
12,4,732,425,65,165,0.922746
12,5,529,425,62,200,0.835227
12,6,673,431,51,174,0.917839
12,7,590,413,82,199,0.896942
12,10,1175,414,46,117,0.914347
12,12,1336,408,31,89,0.906625
13,0,1471,325,364,703,0.975696
13,1,1629,358,98,176,0.652600
13,2,348,390,111,299,0.968836
13,3,590,448,74,161,0.763547
13,4,729,426,64,165,0.923275
13,5,531,426,58,202,0.898630
13,6,672,436,50,169,0.917540
13,7,587,398,86,216,0.870958
13,10,1173,415,47,119,0.903870
13,12,1334,409,32,89,0.905928
14,0,1488,324,350,708,0.982362
14,1,1643,407,79,65,0.396595
14,2,348,391,112,299,0.969443
14,3,588,447,76,161,0.809036
14,4,727,426,65,167,0.932850
14,5,522,429,65,201,0.911372
14,6,670,435,50,171,0.917705
14,7,577,426,30,172,0.538242
14,10,1170,416,48,119,0.917138
14,12,1333,409,31,89,0.910756
15,0,1521,323,317,709,0.980652
15,1,1643,402,39,36,0.524440
15,2,347,392,114,298,0.969246
15,3,581,452,85,154,0.666094
15,4,729,427,63,167,0.932387
15,5,507,432,79,199,0.913243
15,6,669,433,48,173,0.917834
15,7,573,419,36,182,0.511751
15,10,1166,418,51,117,0.908171
15,12,1331,409,32,90,0.910616
16,0,1554,321,284,712,0.980752
16,1,1636,384,62,91,0.861507
16,2,347,392,115,299,0.971376
16,3,573,455,26,146,0.588092
16,4,729,428,62,168,0.931177
16,5,494,431,91,200,0.887418
16,6,668,438,48,168,0.908464
16,7,573,419,31,182,0.497269
16,10,1164,419,52,117,0.905011
16,12,1330,410,32,89,0.914112
17,0,1590,319,248,714,0.980352
17,1,1632,385,68,230,0.904389
17,2,347,393,116,299,0.970453
17,3,575,463,23,140,0.685011
17,4,728,431,63,166,0.913066
17,5,487,429,98,203,0.873156
17,6,668,448,39,159,0.893017
17,7,570,417,28,185,0.577129
17,10,1163,422,51,116,0.874608
17,12,1329,411,31,89,0.921378
18,0,1630,316,216,718,0.982745
18,1,1631,386,69,230,0.939396
18,2,346,394,118,299,0.969278
18,3,570,457,27,146,0.728572
18,4,728,437,62,161,0.907980
18,5,489,429,93,204,0.861629
18,6,666,451,37,157,0.854771
18,7,570,427,28,175,0.661304
18,10,1160,423,52,115,0.875412
18,12,1327,411,31,90,0.922793
19,0,1672,314,206,727,0.981159
19,1,1631,387,72,229,0.946332
19,2,347,394,117,299,0.967869
19,3,565,471,27,133,0.796840
19,4,728,435,62,164,0.919706
19,5,489,422,87,213,0.841594
19,6,664,455,35,152,0.731372
19,7,568,416,29,186,0.519122
19,10,1158,423,53,115,0.901623
19,12,1327,411,30,91,0.929893
20,0,1696,312,208,745,0.978466
20,1,1629,387,81,230,0.959717
20,2,347,394,118,299,0.965813
20,3,561,472,30,132,0.835169
20,4,728,432,61,166,0.923927
20,5,475,435,100,201,0.892113
20,6,665,456,28,148,0.604278
20,7,562,419,103,185,0.631073
20,10,1157,421,52,117,0.891425
20,12,1324,410,32,91,0.927290
21,0,1703,313,217,748,0.980203
21,1,1628,388,82,229,0.957395
21,2,347,395,118,298,0.966210
21,3,558,473,33,132,0.835528
21,4,728,432,60,167,0.932922
21,5,473,431,88,206,0.913043
21,6,594,428,94,188,0.479747
21,7,561,419,30,185,0.614061
21,10,1156,421,52,116,0.909172
21,12,1323,411,32,90,0.927011
22,0,1704,314,216,754,0.980449
22,1,1626,388,89,230,0.954411
22,2,347,395,117,298,0.965869
22,3,554,474,36,131,0.870173
22,4,726,431,60,168,0.931142
22,5,472,433,101,206,0.908094
22,6,596,427,86,192,0.651650
22,7,556,419,34,185,0.717865
22,10,1154,421,51,115,0.907951
22,12,1322,412,32,89,0.909197
23,0,1703,314,217,746,0.982301
23,1,1623,387,89,230,0.952210
23,2,347,395,117,298,0.966796
23,3,551,474,38,131,0.905429
23,4,722,430,61,169,0.926881
23,5,471,432,94,207,0.898826
23,6,599,442,75,176,0.919974
23,7,551,418,39,187,0.797872
23,10,1155,419,49,117,0.903524
23,12,1320,412,33,89,0.893847
24,0,1703,317,217,717,0.983581
24,1,1621,387,88,230,0.953892
24,2,347,395,118,298,0.967179
24,3,546,475,41,130,0.898344
24,4,720,430,59,169,0.928592
24,5,471,431,94,208,0.877690
24,6,596,443,79,175,0.939501
24,7,549,415,38,189,0.766116
24,10,1156,418,46,120,0.908637
24,12,1315,412,35,90,0.896846
25,0,1705,318,215,716,0.984873
25,1,1619,387,85,230,0.954371
25,2,347,394,118,298,0.966765
25,3,541,474,45,131,0.858290
25,4,716,429,60,170,0.929654
25,5,471,432,90,207,0.910330
25,6,595,443,80,175,0.948069
25,7,539,420,47,184,0.851546
25,10,1156,417,45,120,0.927473
25,12,1313,412,36,89,0.894059
26,0,1706,321,214,713,0.986691
26,1,1617,387,83,230,0.956732
26,2,347,395,118,298,0.969953
26,3,535,476,50,130,0.906113
26,4,712,429,59,170,0.923732
26,5,470,432,88,208,0.895088
26,6,594,443,80,175,0.949506
26,7,536,421,54,184,0.703993
26,8,0,405,98,381,0.968129
26,10,1157,418,42,120,0.921739
26,12,1313,412,34,91,0.898911
27,1,1615,386,83,231,0.956460
27,2,346,394,119,299,0.968046
27,3,535,489,47,117,0.817530
27,4,708,430,59,169,0.925352
27,5,467,431,82,208,0.878749
27,6,593,444,81,175,0.950551
27,7,536,417,49,186,0.762217
27,8,0,405,120,381,0.972908
27,10,1156,419,42,120,0.907064
27,12,1312,413,33,90,0.907017
28,1,1613,386,83,231,0.958906
28,2,346,395,117,298,0.967515
28,3,530,473,53,133,0.889359
28,4,701,429,64,170,0.931547
28,5,463,430,82,210,0.848755
28,6,593,443,81,176,0.949602
28,7,532,418,53,185,0.681910
28,8,0,406,144,381,0.968732
28,10,1155,420,42,120,0.895238
28,12,1313,413,31,90,0.906419
29,1,1612,386,82,232,0.960579
29,2,345,395,117,299,0.970546
29,3,530,474,52,133,0.874730
29,4,699,429,64,172,0.937951
29,5,462,430,68,210,0.819171
29,6,592,444,81,175,0.954613
29,7,529,420,54,185,0.662220
29,8,0,407,167,380,0.966387
29,10,1150,420,44,122,0.896970
29,12,1312,413,30,90,0.908973
30,1,1611,386,81,232,0.959102
30,2,345,395,117,299,0.970720
30,3,526,475,56,137,0.846582
30,4,697,430,64,172,0.936843
30,5,458,429,64,212,0.873830
30,6,587,443,86,176,0.959074
30,7,526,421,58,190,0.618007
30,8,0,408,168,379,0.963737
30,10,1147,421,46,120,0.884255
30,12,1310,412,30,92,0.910416
31,1,1610,386,80,232,0.957032
31,2,345,396,117,299,0.969968
31,3,520,478,57,136,0.833565
31,4,697,431,61,172,0.935416
31,5,456,430,63,213,0.810401
31,6,588,443,85,177,0.952030
31,7,520,423,66,191,0.620057
31,8,0,410,192,378,0.959398
31,10,1145,423,46,120,0.874557
31,12,1308,413,31,91,0.916298
32,1,1608,386,81,232,0.956617
32,2,344,397,117,298,0.971367
32,3,517,478,60,136,0.838911
32,4,693,431,63,172,0.936113
32,5,454,431,63,214,0.883804
32,6,587,424,86,196,0.947042
32,7,518,422,66,193,0.628718
32,8,0,410,198,377,0.969352
32,10,1146,422,43,121,0.880228
32,12,1308,413,29,90,0.925926
33,1,1608,387,80,233,0.954112
33,2,344,398,117,297,0.970342
33,3,516,477,61,138,0.856820
33,4,697,432,57,172,0.932345
33,5,443,432,74,215,0.883817
33,6,584,419,88,202,0.920685
33,7,513,422,68,193,0.538251
33,8,0,410,202,374,0.976000
33,10,1145,422,45,121,0.874922
33,12,1306,413,30,91,0.932416
34,1,1606,388,81,233,0.954358
34,2,343,398,118,297,0.970770
34,3,516,478,61,138,0.847761
34,4,697,433,54,172,0.933640
34,5,432,433,73,214,0.894317
34,6,566,432,104,190,0.848621
34,7,506,423,70,192,0.610132
34,8,5,410,201,374,0.971339
34,10,1142,423,47,121,0.882075
34,12,1304,413,31,91,0.932315
35,1,1605,388,81,235,0.957699
35,2,343,399,118,296,0.971603
35,3,514,479,62,137,0.871377
35,4,694,435,57,171,0.934809
35,5,432,434,71,213,0.901411
35,6,558,448,108,166,0.644114
35,7,504,417,63,163,0.651728
35,8,11,409,195,373,0.968905
35,10,1138,423,51,121,0.887457
35,12,1303,413,31,92,0.926865
36,1,1604,388,81,235,0.962369
36,2,342,399,118,295,0.969672
36,3,512,480,62,137,0.891218
36,4,691,435,60,171,0.935354
36,5,431,436,71,212,0.887729
36,6,555,430,44,168,0.483272
36,7,503,419,71,197,0.796179
36,8,21,409,185,372,0.964683
36,10,1136,422,53,122,0.882972
36,12,1301,413,31,93,0.926465
37,1,1604,387,81,237,0.962279
37,2,342,399,112,295,0.968654
37,3,509,479,62,138,0.898600
37,4,689,435,62,172,0.937707
37,5,431,436,71,212,0.898468
37,6,553,447,81,168,0.529668
37,7,502,419,69,197,0.789753
37,8,30,408,176,372,0.963729
37,10,1135,422,45,122,0.899945
37,12,1301,414,31,92,0.929739
38,1,1603,388,81,238,0.959438
38,2,342,400,107,294,0.966334
38,3,505,480,62,137,0.906192
38,4,688,438,62,170,0.940011
38,5,438,438,64,205,0.893006
38,6,555,439,45,177,0.639600
38,7,498,424,70,193,0.816501
38,8,45,409,162,365,0.968468
38,10,1132,423,44,122,0.913677
38,12,1299,415,31,92,0.928091
39,1,1602,390,82,237,0.959552
39,2,342,400,108,295,0.967498
39,3,509,480,53,138,0.899773
39,4,688,439,61,170,0.939150
39,5,437,438,64,206,0.855087
39,6,557,439,41,169,0.728147
39,7,491,422,70,195,0.705576
39,8,63,408,143,366,0.964670
39,10,1130,423,45,123,0.908294
39,12,1297,416,32,92,0.929177
40,1,1601,391,82,236,0.957120
40,2,341,401,115,294,0.955516
40,3,508,480,51,139,0.892360
40,4,689,438,59,172,0.939412
40,5,410,439,89,217,0.776318
40,6,555,439,41,171,0.785407
40,7,489,423,61,194,0.649564
40,8,82,407,124,368,0.961963
40,10,1127,423,47,124,0.916169
40,12,1296,418,32,90,0.929177
41,1,1601,393,81,235,0.952984
41,2,341,402,121,294,0.956406
41,3,508,481,45,138,0.903589
41,4,687,438,58,172,0.940570
41,5,408,439,86,217,0.821956
41,6,550,439,43,172,0.849049
41,7,483,425,69,194,0.715582
41,8,105,407,102,368,0.971084
41,10,1125,423,47,126,0.906579
41,12,1295,419,32,90,0.928022
42,1,1600,395,81,235,0.956134
42,2,341,402,126,294,0.949664
42,3,504,481,44,139,0.889778
42,4,687,437,53,173,0.935852
42,5,409,439,78,217,0.758501
42,6,546,440,45,183,0.879083
42,7,478,426,57,175,0.772390
42,8,114,408,106,367,0.960653
42,10,1122,424,48,126,0.904948
42,12,1294,419,32,91,0.926092
43,1,1599,394,80,237,0.953741
43,2,341,402,131,294,0.949982
43,3,503,482,40,141,0.883631
43,4,684,438,51,172,0.930274
43,5,409,440,77,216,0.697875
43,6,532,442,59,186,0.897035
43,7,472,425,65,178,0.786709
43,8,121,408,110,367,0.960727
43,10,1120,425,48,125,0.909358
43,12,1293,419,32,91,0.927426
44,1,1597,396,80,235,0.951775
44,2,341,403,135,293,0.958264
44,3,497,482,44,140,0.886669
44,4,681,438,49,173,0.929429
44,5,409,439,61,218,0.615267
44,6,519,444,71,185,0.890758
44,7,469,425,61,183,0.777843
44,8,127,410,113,366,0.964651
44,10,1113,427,52,124,0.902756
44,12,1291,419,32,91,0.926901
45,1,1596,395,80,237,0.951113
45,2,341,403,139,293,0.949451
45,3,495,482,44,145,0.905785
45,4,678,437,46,174,0.930378
45,5,408,438,62,219,0.506918
45,6,512,447,78,183,0.918615
45,7,466,424,59,185,0.820831
45,8,134,414,121,361,0.963012
45,10,1112,428,51,123,0.902165
45,12,1291,419,31,91,0.924290
46,1,1595,395,79,237,0.947405
46,2,342,404,141,293,0.952969
46,3,493,482,43,145,0.911584
46,4,675,439,45,172,0.918616
46,5,386,436,80,229,0.617185
46,6,510,448,81,184,0.910062
46,7,459,427,63,183,0.821160
46,8,142,417,133,359,0.959429
46,10,1110,429,51,123,0.894903
46,12,1290,420,32,90,0.921040
47,1,1594,395,79,237,0.946172
47,2,344,404,141,293,0.951001
47,3,491,483,44,147,0.902384
47,4,672,438,47,174,0.935676
47,5,345,406,139,291,0.798345
47,6,506,453,84,180,0.903206
47,7,459,426,61,184,0.814998
47,8,143,417,143,359,0.960131
47,10,1106,428,53,125,0.901416
47,12,1289,419,32,91,0.922083
48,1,1593,396,77,238,0.943332
48,2,345,405,140,293,0.954476
48,3,488,483,44,152,0.899541
48,4,670,445,48,168,0.897936
48,5,345,407,139,291,0.842502
48,6,505,448,80,188,0.919008
48,7,460,426,57,197,0.808219
48,8,144,419,147,357,0.959524
48,10,1104,429,53,125,0.903554
48,12,1287,420,32,93,0.933000
49,1,1591,396,76,238,0.943654
49,2,346,406,140,293,0.953135
49,3,486,485,43,142,0.887979
49,4,668,439,49,175,0.936297
49,5,346,407,137,291,0.825809
49,6,505,449,79,188,0.880510
49,7,457,425,58,200,0.837795
49,8,146,418,150,358,0.962956
49,10,1103,430,52,124,0.897369
49,12,1286,421,32,92,0.935495
50,1,1590,397,74,239,0.943520
50,2,348,407,138,293,0.951063
50,3,483,485,42,142,0.870399
50,4,668,441,46,174,0.931771
50,5,347,453,92,208,0.761046
50,6,505,447,78,191,0.911228
50,7,461,425,53,202,0.817677
50,8,149,422,152,354,0.964507
50,10,1103,431,50,124,0.901496
50,12,1285,422,32,92,0.935879
51,1,1588,397,74,239,0.944310
51,2,349,409,137,292,0.950551
51,3,482,489,39,140,0.818401
51,4,666,445,46,171,0.923731
51,5,338,445,97,216,0.808010
51,6,505,447,78,193,0.911396
51,7,457,425,51,203,0.818245
51,8,154,423,149,354,0.967801
51,10,1101,430,49,126,0.916092
51,12,1284,424,32,91,0.930573
52,1,1587,399,73,239,0.947981
52,2,351,410,135,293,0.949208
52,3,475,490,41,141,0.861078
52,4,665,446,45,172,0.928919
52,5,325,447,110,217,0.786518
52,6,499,451,77,190,0.903995
52,7,455,427,53,203,0.778797
52,8,162,423,143,354,0.961122
52,10,1101,431,51,127,0.902076
52,12,1283,426,32,91,0.922093
53,1,1587,400,72,238,0.952128
53,2,353,411,133,292,0.940823
53,3,475,490,39,142,0.829949
53,4,665,445,44,173,0.933113
53,5,320,448,114,216,0.784463
53,6,492,452,80,189,0.885503
53,7,453,427,55,204,0.810701
53,8,169,423,138,353,0.965950
53,10,1102,431,46,127,0.914740
53,12,1282,426,33,92,0.921446
54,1,1585,399,72,240,0.941640
54,2,378,411,108,293,0.941979
54,3,474,491,37,142,0.818425
54,4,664,448,45,171,0.927160
54,5,316,450,116,215,0.836276
54,6,493,451,70,191,0.893668
54,7,452,428,56,204,0.807425
54,8,183,423,129,348,0.971505
54,10,1101,432,44,128,0.904210
54,12,1281,427,33,92,0.918044
55,1,1584,400,71,240,0.949600
55,2,379,412,107,293,0.949337
55,3,467,492,43,142,0.783644
55,4,663,449,45,171,0.922064
55,5,313,452,118,219,0.883665
55,6,489,448,70,195,0.901968
55,7,449,428,60,207,0.793792
55,8,199,421,115,345,0.972606
55,10,1100,433,45,128,0.902792
55,12,1280,428,32,93,0.918056
56,1,1584,399,69,241,0.944842
56,2,371,412,115,293,0.938665
56,3,472,491,38,144,0.751492
56,4,663,449,45,172,0.920635
56,5,315,452,115,220,0.877672
56,6,483,450,72,194,0.908571
56,7,449,429,59,206,0.757328
56,8,216,420,102,345,0.973077
56,10,1099,433,42,129,0.891902
56,12,1279,429,32,92,0.918732
57,1,1582,398,69,243,0.940549
57,2,368,413,118,293,0.946309
57,3,470,492,40,144,0.604603
57,4,663,451,44,170,0.915930
57,5,322,453,107,221,0.914720
57,6,480,450,73,195,0.905190
57,7,438,430,52,188,0.773133
57,8,222,420,100,344,0.972390
57,10,1092,436,46,127,0.884774
57,12,1277,429,33,93,0.915786
58,1,1580,399,70,242,0.943525
58,2,374,412,111,293,0.939041
58,3,468,481,34,154,0.572905
58,4,662,451,45,170,0.915341
58,5,329,453,98,221,0.894286
58,6,475,449,77,196,0.920821
58,7,428,430,65,191,0.675734
58,8,229,420,100,346,0.969314
58,10,1087,436,49,128,0.888156
58,12,1276,429,33,93,0.917803
59,1,1578,402,70,239,0.944198
59,2,370,412,115,293,0.952551
59,3,469,478,32,153,0.498874
59,4,662,451,44,170,0.907882
59,5,326,453,76,220,0.920636
59,6,475,448,73,197,0.912460
59,7,441,431,51,188,0.633025
59,8,236,420,100,346,0.966679
59,10,1084,437,53,127,0.896255
59,12,1275,429,33,92,0.918728
60,1,1570,401,76,239,0.943868
60,2,373,412,115,292,0.958744
60,3,470,480,41,152,0.512331
60,4,662,453,42,167,0.895222
60,5,321,451,83,194,0.934265
60,6,470,447,75,201,0.891700
60,7,377,412,111,284,0.791228
60,8,244,421,114,344,0.970070
60,10,1084,437,53,127,0.893098
60,12,1273,427,34,94,0.918532
61,1,1562,402,83,238,0.949027
61,2,374,412,116,291,0.962009
61,3,469,478,38,158,0.412403
61,4,662,458,40,162,0.868670
61,5,309,450,96,224,0.928675
61,6,470,448,70,197,0.881343
61,7,377,411,111,285,0.811691
61,8,251,422,130,343,0.971674
61,10,1084,437,51,127,0.890978
61,12,1272,427,34,94,0.929617
62,1,1553,402,89,238,0.950205
62,2,374,412,119,291,0.960373
62,3,471,480,33,155,0.437855
62,4,662,467,37,152,0.850513
62,5,309,449,93,225,0.919194
62,6,470,449,67,195,0.871223
62,7,376,411,115,286,0.705101
62,8,254,423,146,342,0.964497
62,10,1085,436,47,128,0.878517
62,12,1270,427,34,94,0.931593
63,1,1548,402,92,237,0.950694
63,2,376,411,120,291,0.959086
63,3,471,473,31,161,0.531643
63,4,661,473,34,144,0.794892
63,5,307,448,88,226,0.874409
63,6,471,452,63,192,0.804095
63,7,398,410,45,213,0.459813
63,8,254,423,156,341,0.965483
63,10,1080,436,52,128,0.873036
63,12,1270,426,33,95,0.929879
64,1,1544,403,95,236,0.950694
64,2,377,411,118,289,0.952457
64,3,468,478,26,153,0.424418
64,4,660,474,28,143,0.646526
64,5,308,454,74,220,0.760571
64,6,471,449,59,194,0.812322
64,7,391,431,39,192,0.763782
64,8,255,424,160,339,0.965515
64,10,1078,435,52,128,0.873682
64,12,1268,425,34,96,0.927333
65,1,1541,401,96,238,0.954112
65,2,379,411,119,288,0.945686
65,3,472,479,28,155,0.369431
65,4,660,461,23,157,0.551890
65,5,280,425,109,248,0.462701
65,6,474,449,54,194,0.794718
65,7,380,432,49,189,0.813514
65,8,255,424,162,337,0.967338
65,10,1074,434,53,128,0.870483
65,12,1267,425,34,95,0.926507
66,1,1540,402,94,237,0.960430
66,2,380,411,117,288,0.942923
66,3,443,478,71,157,0.373705
66,4,631,455,45,166,0.545818
66,5,273,454,117,220,0.618974
66,6,471,449,54,194,0.800595
66,7,383,432,40,189,0.791828
66,8,256,424,165,337,0.961649
66,9,0,429,83,212,0.930728
66,10,1072,432,52,131,0.860249
66,12,1266,426,34,93,0.923350
67,1,1540,401,91,239,0.959610
67,2,381,411,119,287,0.942232
67,3,474,484,21,151,0.312614
67,4,655,457,17,174,0.630503
67,5,268,424,112,250,0.606831
67,6,464,448,56,194,0.739202
67,7,384,431,35,191,0.789083
67,8,259,424,164,336,0.952295
67,9,7,426,78,215,0.907846
67,10,1068,433,58,130,0.879856
67,12,1264,426,35,94,0.921151
68,1,1541,400,89,240,0.960929
68,2,384,411,111,287,0.919476
68,3,446,476,61,160,0.495873
68,4,653,457,17,174,0.708521
68,5,281,447,98,232,0.888670
68,6,462,446,50,194,0.643927
68,7,382,429,42,191,0.786768
68,8,267,421,156,337,0.958021
68,9,22,426,66,215,0.910723
68,10,1069,431,53,132,0.846934
68,12,1264,425,34,95,0.922579
69,1,1541,400,88,239,0.961869
69,2,384,410,115,288,0.928876
69,3,471,499,29,138,0.492119
69,4,652,457,16,174,0.673027
69,5,272,447,50,231,0.923431
69,6,461,446,47,193,0.587555
69,7,381,428,42,192,0.800054
69,8,273,420,150,338,0.961044
69,9,28,425,62,216,0.927970
69,10,1066,430,48,133,0.834954
69,12,1264,425,34,95,0.922346
70,1,1540,399,88,240,0.965860
70,2,387,410,110,288,0.931196
70,3,430,494,69,150,0.487231
70,4,581,292,85,341,0.889247
70,5,255,448,72,230,0.900553
70,6,444,447,64,202,0.567802
70,7,377,427,55,193,0.795419
70,8,286,419,137,332,0.959315
70,9,35,425,64,215,0.923626
70,10,1060,431,51,132,0.874496
70,12,1263,425,34,95,0.922913
71,1,1540,398,88,242,0.963195
71,2,392,410,106,288,0.942658
71,3,427,477,66,155,0.424348
71,4,599,459,66,173,0.790872
71,5,240,449,101,229,0.912316
71,6,431,458,81,203,0.624855
71,7,375,427,54,192,0.737846
71,8,298,418,125,331,0.959945
71,9,40,426,75,214,0.936259
71,10,1060,431,46,133,0.856482
71,12,1262,425,34,95,0.921397
72,1,1539,398,89,241,0.961844
72,2,401,410,103,288,0.934179
72,3,426,562,51,61,0.240264
72,4,593,459,71,173,0.896737
72,5,231,450,113,229,0.923066
72,6,411,410,96,288,0.798904
72,7,340,419,77,200,0.504712
72,8,315,418,108,331,0.957107
72,9,45,428,88,212,0.948842
72,10,1051,432,55,132,0.866830
72,12,1261,426,34,94,0.919508
73,1,1539,397,87,242,0.961921
73,2,402,411,107,287,0.935684
73,3,424,566,46,46,0.268488
73,4,591,459,73,173,0.931369
73,5,226,451,117,230,0.951427
73,6,406,411,91,271,0.858778
73,7,351,418,77,198,0.495955
73,8,331,418,93,331,0.952591
73,9,44,428,110,212,0.947900
73,10,1062,432,40,132,0.868080
73,12,1260,426,34,94,0.919373
74,1,1537,396,86,243,0.952396
74,2,403,410,107,288,0.941343
74,3,415,495,69,153,0.471419
74,4,589,459,74,173,0.936134
74,5,220,452,122,230,0.944414
74,6,403,411,97,271,0.832344
74,7,340,420,89,195,0.717403
74,8,340,416,100,332,0.960381
74,9,45,431,121,208,0.948960
74,10,1045,433,54,131,0.874054
74,12,1259,425,35,94,0.919298
75,1,1535,395,87,243,0.961032
75,2,407,410,104,287,0.936990
75,3,410,449,76,205,0.491912
75,4,587,458,75,173,0.940222
75,5,220,452,121,230,0.949332
75,6,406,411,94,271,0.830276
75,7,343,418,64,210,0.420243
75,8,345,416,105,332,0.962118
75,9,48,431,125,208,0.945326
75,10,1048,433,52,131,0.880617
75,12,1258,423,35,96,0.919526
76,1,1531,394,88,244,0.962366
76,2,408,410,103,287,0.933149
76,3,412,452,74,213,0.434021
76,4,586,458,76,173,0.941163
76,5,219,452,117,231,0.948247
76,6,408,411,92,284,0.810104
76,7,338,416,66,211,0.592393
76,8,348,416,113,331,0.951611
76,9,47,431,128,208,0.945424
76,10,1049,433,52,132,0.875730
76,12,1258,423,33,96,0.922575
76,13,1896,501,24,52,0.830057
77,1,1528,394,88,244,0.964211
77,2,411,409,99,287,0.924123
77,3,413,463,71,198,0.522434
77,4,585,459,75,172,0.941537
77,5,219,450,109,232,0.950315
77,6,410,410,97,285,0.674827
77,7,331,422,56,224,0.722637
77,8,354,417,117,330,0.949524
77,9,52,430,124,208,0.934268
77,10,1048,435,51,130,0.856031
77,12,1256,422,34,97,0.926754
77,13,1896,500,24,55,0.823332
78,1,1526,393,86,245,0.953089
78,2,416,409,93,286,0.920609
78,3,421,478,44,162,0.379952
78,4,581,458,75,173,0.943721
78,5,219,449,97,233,0.946670
78,6,370,411,131,292,0.542088
78,7,324,431,64,217,0.843508
78,8,361,418,116,328,0.951701
78,9,57,428,119,209,0.938936
78,10,1045,433,50,131,0.844774
78,12,1256,422,33,96,0.929264
78,13,1894,500,26,53,0.806375
79,1,1523,394,86,244,0.951424
79,2,399,409,110,286,0.906067
79,3,421,477,43,166,0.381716
79,4,580,458,70,173,0.930213
79,5,218,448,87,234,0.930368
79,6,367,419,110,260,0.674890
79,7,323,431,67,218,0.880489
79,8,364,419,119,327,0.944259
79,9,69,428,106,204,0.935100
79,10,1038,430,56,134,0.853950
79,12,1254,422,34,96,0.931741
79,13,1893,499,27,56,0.756610
80,1,1521,393,86,244,0.951393
80,2,400,408,108,285,0.888532
80,3,385,465,86,171,0.754318
80,4,580,459,69,172,0.909713
80,5,215,448,76,234,0.933076
80,6,369,420,109,249,0.834344
80,7,322,431,72,222,0.892763
80,8,370,420,118,325,0.942656
80,9,86,427,88,205,0.935036
80,10,1036,429,57,135,0.859290
80,12,1253,422,34,96,0.931036
80,13,1892,499,28,69,0.727748
81,1,1519,393,86,245,0.956282
81,2,400,408,108,285,0.811391
81,3,381,465,98,164,0.828829
81,4,572,431,86,201,0.936858
81,5,198,447,80,235,0.933648
81,6,375,421,106,236,0.780048
81,7,319,431,75,222,0.826503
81,8,372,420,120,324,0.953135
81,9,98,425,76,207,0.925518
81,10,1031,428,61,136,0.864910
81,12,1252,422,34,95,0.934044
81,13,1891,497,29,53,0.809341
82,1,1518,393,85,246,0.964319
82,2,407,408,101,285,0.807774
82,3,400,466,63,145,0.727166
82,4,572,424,86,208,0.929953
82,5,198,447,65,235,0.923846
82,6,353,445,58,208,0.598624
82,7,316,430,58,199,0.890119
82,8,374,420,120,324,0.940721
82,9,115,424,59,208,0.920650
82,10,1031,427,56,136,0.880684
82,12,1251,422,34,95,0.929892
82,13,1890,497,30,54,0.670054
83,1,1516,393,84,247,0.970839
83,2,391,409,112,295,0.624967
83,3,392,466,70,141,0.727892
83,4,571,431,86,201,0.898985
83,5,188,447,68,235,0.907864
83,6,363,446,51,207,0.797219
83,7,313,429,60,200,0.904155
83,8,377,419,127,324,0.940822
83,9,120,425,58,207,0.897135
83,10,1031,428,55,136,0.883775
83,12,1250,422,34,95,0.932560
83,13,1889,496,31,64,0.668572
84,1,1515,394,83,247,0.965281
84,2,389,406,119,287,0.714375
84,3,387,480,47,157,0.309729
84,4,572,456,30,175,0.622661
84,5,184,448,72,234,0.908768
84,6,362,445,63,208,0.891611
84,7,303,428,69,201,0.905304
84,8,384,417,123,324,0.939707
84,9,127,428,57,204,0.928791
84,10,1031,429,53,136,0.882455
84,12,1248,422,34,96,0.933748
84,13,1888,496,32,54,0.764276
85,1,1514,394,83,247,0.965462
85,2,392,415,116,322,0.703425
85,3,386,464,49,180,0.540482
85,4,570,455,42,174,0.589610
85,5,174,449,82,233,0.908913
85,6,362,445,72,209,0.909426
85,7,310,428,59,200,0.913583
85,8,389,416,119,324,0.941435
85,9,133,427,54,217,0.913134
85,10,1030,429,47,135,0.879114
85,12,1248,423,34,95,0.932921
85,13,1887,495,33,56,0.760217
86,1,1513,394,81,247,0.960917
86,2,400,410,110,323,0.848827
86,3,384,459,56,186,0.523299
86,4,565,453,48,172,0.543887
86,5,174,447,81,234,0.892319
86,6,359,444,70,209,0.907695
86,7,307,427,56,201,0.911161
86,8,399,411,112,325,0.939034
86,9,137,429,55,202,0.922474
86,10,1024,429,52,135,0.873810
86,12,1247,422,34,97,0.933592
86,13,1885,494,35,66,0.648873
87,1,1512,393,80,247,0.961752
87,2,385,406,116,298,0.564673
87,3,402,486,33,154,0.509513
87,4,563,454,44,163,0.649836
87,5,155,443,100,238,0.881657
87,6,348,443,77,210,0.886173
87,7,302,426,52,202,0.905791
87,8,409,410,103,320,0.949059
87,9,139,429,60,203,0.866258
87,10,1019,430,56,134,0.863224
87,12,1246,422,34,96,0.932013
87,13,1884,492,36,67,0.673288
88,1,1511,393,78,247,0.959705
88,2,385,405,115,270,0.704507
88,3,401,474,34,166,0.511871
88,4,561,456,21,154,0.706045
88,5,142,449,112,231,0.903626
88,6,341,441,85,211,0.860051
88,7,297,425,53,202,0.901174
88,8,416,410,98,317,0.946185
88,9,142,431,67,199,0.749826
88,10,1017,429,57,135,0.871283
88,12,1246,420,33,97,0.931927
88,13,1884,491,36,68,0.708325
89,1,1509,393,77,247,0.954564
89,2,384,405,101,279,0.719352
89,3,383,448,59,193,0.606475
89,4,557,461,23,153,0.736616
89,5,135,451,118,227,0.880342
89,6,326,441,68,211,0.872717
89,7,291,424,55,203,0.929194
89,8,420,407,95,319,0.941140
89,9,145,431,72,213,0.521039
89,10,1017,429,56,135,0.882711
89,12,1244,419,34,97,0.932365
89,13,1882,490,38,70,0.685323
90,1,1507,394,77,247,0.961814
90,2,384,406,116,288,0.723164
90,3,382,449,59,191,0.596338
90,4,547,465,32,153,0.742157
90,5,126,453,126,223,0.817107
90,6,314,442,79,211,0.903868
90,7,280,425,64,203,0.926737
90,8,426,408,96,318,0.945244
90,9,144,451,105,227,0.564466
90,10,1016,429,55,136,0.845019
90,12,1243,419,34,98,0.932386
90,13,1880,490,40,65,0.709079
91,1,1506,393,75,248,0.944731
91,2,384,406,85,287,0.874437
91,3,383,453,55,187,0.628337
91,4,537,451,37,168,0.739703
91,5,101,452,151,233,0.812055
91,6,303,442,90,211,0.921368
91,7,266,425,73,203,0.924801
91,8,430,410,98,317,0.947643
91,9,168,429,78,193,0.725982
91,10,1015,428,55,136,0.832202
91,12,1242,418,34,98,0.935187
91,13,1879,489,41,66,0.723021
92,1,1504,393,75,248,0.946677
92,2,383,406,80,287,0.918805
92,3,385,478,47,161,0.650853
92,4,544,451,30,163,0.751769
92,5,100,451,122,235,0.786567
92,6,301,443,91,212,0.923065
92,7,255,426,78,203,0.907434
92,8,438,416,100,310,0.961784
92,9,175,428,75,194,0.856015
92,10,1012,428,55,135,0.837615
92,12,1241,417,34,99,0.936620
92,13,1878,488,42,64,0.721040
93,1,1502,392,75,248,0.948921
93,2,382,405,102,287,0.923774
93,3,382,472,49,167,0.763044
93,4,540,449,34,172,0.815517
93,5,99,451,123,235,0.862715
93,6,291,444,101,209,0.915883
93,7,250,426,79,203,0.874992
93,8,444,415,113,311,0.961936
93,9,175,426,78,196,0.840299
93,10,1009,426,54,137,0.836917
93,12,1241,417,34,99,0.933290
93,13,1877,487,43,64,0.684015
94,1,1500,390,72,250,0.943840
94,2,382,405,88,287,0.942706
94,3,383,477,48,162,0.748305
94,4,539,451,33,172,0.857616
94,5,98,448,127,238,0.915251
94,6,286,445,105,210,0.888732
94,7,247,427,95,203,0.874091
94,8,449,416,122,310,0.966616
94,9,180,425,77,197,0.895015
94,10,1004,425,52,138,0.837690
94,12,1239,417,34,100,0.930442
94,13,1876,487,44,62,0.693589
95,1,1498,389,70,250,0.946541
95,2,381,405,93,287,0.948518
95,3,383,477,48,162,0.739431
95,4,539,449,33,168,0.882258
95,5,97,447,125,239,0.914348
95,6,280,446,110,209,0.909175
95,7,241,428,100,203,0.901842
95,8,455,420,124,305,0.966574
95,9,193,423,66,198,0.913011
95,10,1000,425,49,138,0.873111
95,12,1238,417,34,99,0.927533
95,13,1875,485,36,66,0.636234
96,1,1497,388,69,251,0.958421
96,2,380,405,94,287,0.951420
96,3,384,477,46,162,0.784562
96,4,538,446,34,167,0.895308
96,5,98,446,109,240,0.911852
96,6,275,446,114,211,0.901556
96,7,237,428,104,203,0.902924
96,8,456,420,128,305,0.962958
96,9,200,421,59,202,0.907794
96,10,996,424,52,139,0.898144
96,12,1237,418,35,98,0.925816
96,13,1874,484,36,64,0.707722
97,1,1494,388,70,251,0.953336
97,2,380,404,96,287,0.955268
97,3,384,478,46,161,0.827692
97,4,538,442,36,162,0.867879
97,5,98,445,98,241,0.878688
97,6,271,447,116,210,0.901606
97,7,236,429,84,202,0.911596
97,8,457,420,128,304,0.955620
97,9,210,419,49,206,0.899097
97,10,992,424,54,140,0.893275
97,12,1236,418,35,98,0.926918
97,13,1872,484,35,64,0.698748
98,1,1491,387,70,251,0.958969
98,2,380,404,97,287,0.950860
98,3,384,487,45,151,0.819963
98,4,538,441,36,166,0.845409
98,5,92,444,89,241,0.873712
98,6,265,446,119,211,0.919447
98,7,230,426,82,204,0.898178
98,8,457,422,128,301,0.960928
98,9,215,419,64,204,0.846168
98,10,990,425,54,139,0.907118
98,12,1235,418,35,98,0.928498
98,13,1871,483,33,65,0.713009
99,1,1488,386,71,252,0.963648
99,2,380,404,103,287,0.956219
99,3,384,508,43,129,0.790694
99,4,526,442,49,168,0.832929
99,5,84,442,79,243,0.886794
99,6,260,445,116,212,0.926425
99,7,229,421,65,209,0.881206
99,8,458,452,130,269,0.947010
99,9,221,421,72,209,0.872393
99,10,990,424,53,140,0.911021
99,12,1234,417,35,98,0.926232
99,13,1870,482,30,65,0.688930
100,1,1485,385,72,253,0.963733
100,2,380,404,108,287,0.952282
100,3,381,478,44,160,0.630726
100,4,532,441,45,173,0.678424
100,5,79,442,66,244,0.873702
100,6,262,445,104,212,0.936195
100,7,225,422,64,209,0.925458
100,8,462,420,127,300,0.961156
100,9,224,422,65,208,0.937957
100,10,989,426,51,138,0.895052
100,12,1233,417,35,98,0.931385
100,13,1870,482,28,65,0.654328
101,1,1483,385,72,252,0.955475
101,2,382,404,113,286,0.936151
101,3,377,486,48,152,0.694324
101,4,530,428,45,175,0.400051
101,5,74,442,67,245,0.915025
101,6,266,444,89,213,0.906071
101,7,225,423,60,207,0.914965
101,8,467,420,121,298,0.950419
101,9,225,423,60,207,0.915948
101,10,989,427,52,137,0.883728
101,12,1232,416,35,99,0.929227
101,13,1868,481,27,66,0.681114
102,1,1483,385,71,252,0.965387
102,2,381,404,117,286,0.939689
102,3,371,486,55,152,0.767757
102,4,493,423,79,265,0.735914
102,5,70,442,71,247,0.916721
102,6,263,426,86,231,0.839064
102,7,225,424,64,205,0.826584
102,8,472,420,116,297,0.956819
102,9,226,423,63,207,0.820440
102,10,988,427,52,138,0.885930
102,12,1232,416,34,99,0.928106
102,13,1868,481,27,65,0.724598
103,1,1482,384,70,252,0.961919
103,2,378,404,119,286,0.929826
103,3,361,489,64,149,0.666319
103,4,498,453,78,136,0.806400
103,5,43,443,98,245,0.928963
103,6,259,425,75,231,0.798869
103,7,227,424,62,205,0.836907
103,8,480,418,108,293,0.957248
103,9,231,424,62,204,0.725538
103,10,988,426,51,139,0.885080
103,12,1231,415,34,99,0.925055
103,13,1867,480,27,66,0.678097
104,1,1480,385,70,252,0.956477
104,2,374,404,124,285,0.944079
104,3,355,491,71,147,0.696053
104,4,502,451,79,138,0.929937
104,5,20,444,121,244,0.926537
104,6,262,423,74,233,0.797480
104,7,209,424,76,205,0.806903
104,8,492,416,96,294,0.959454
104,9,248,423,88,229,0.595141
104,10,986,427,44,137,0.866502
104,12,1230,415,35,99,0.924306
104,13,1865,480,28,66,0.712625
105,1,1477,385,72,252,0.950372
105,2,382,404,115,285,0.934411
105,3,353,496,71,142,0.646217
105,4,504,419,87,267,0.551086
105,5,5,444,135,244,0.936285
105,6,252,427,70,229,0.820967
105,7,210,425,59,203,0.825185
105,8,502,414,92,296,0.963084
105,9,264,421,72,190,0.665619
105,10,983,427,48,137,0.840589
105,12,1229,415,35,99,0.925878
105,13,1863,480,31,66,0.766405
106,1,1474,385,73,252,0.955082
106,2,383,404,113,285,0.957449
106,3,352,490,73,150,0.905915
106,4,502,444,36,184,0.559987
106,5,0,444,140,244,0.934321
106,6,249,440,64,216,0.908317
106,7,210,425,50,204,0.848727
106,8,506,416,98,294,0.963012
106,9,273,421,69,192,0.841809
106,10,979,427,47,138,0.837224
106,12,1228,415,36,100,0.929959
106,13,1863,481,30,66,0.729324
107,1,1467,386,77,252,0.962066
107,2,384,404,111,286,0.954133
107,3,351,487,73,153,0.838166
107,4,498,443,47,186,0.736815
107,5,0,445,138,246,0.936775
107,6,234,442,79,214,0.913311
107,7,201,425,54,208,0.854691
107,8,506,415,107,294,0.947609
107,9,266,420,77,194,0.918019
107,10,975,426,50,139,0.822015
107,12,1227,415,36,100,0.930449
107,13,1862,481,31,66,0.739126
108,1,1457,387,85,252,0.962424
108,2,385,405,110,285,0.958060
108,3,352,489,58,152,0.840274
108,4,497,440,50,191,0.826648
108,5,0,449,138,243,0.934325
108,6,221,443,92,213,0.920269
108,7,193,425,58,210,0.852082
108,8,516,414,106,296,0.953060
108,9,272,419,71,195,0.927326
108,10,963,426,65,140,0.871574
108,12,1226,416,36,100,0.928330
108,13,1861,482,32,66,0.746662
109,1,1448,390,93,250,0.961893
109,2,386,405,109,285,0.955954
109,3,351,487,54,154,0.884013
109,4,490,440,56,191,0.846696
109,5,0,448,136,246,0.944391
109,6,214,444,99,213,0.894877
109,7,188,427,74,209,0.819690
109,8,521,414,109,297,0.943725
109,9,285,418,58,197,0.932908
109,10,962,426,63,141,0.888878
109,12,1226,416,35,101,0.926719
109,13,1860,483,32,65,0.752432
110,1,1442,391,97,249,0.960015
110,2,387,405,108,287,0.958465
110,3,348,488,57,153,0.902911
110,4,490,443,56,190,0.875715
110,5,0,450,131,244,0.934124
110,6,204,445,109,212,0.877836
110,7,174,429,88,205,0.818183
110,8,526,414,111,297,0.962281
110,9,293,418,51,197,0.939539
110,10,962,427,56,141,0.912202
110,12,1225,418,35,100,0.925980
110,13,1859,484,31,64,0.746991
111,1,1436,392,100,250,0.959937
111,2,383,406,112,287,0.960556
111,3,344,487,64,155,0.916333
111,4,483,448,63,185,0.885795
111,5,0,450,124,244,0.910196
111,6,202,446,109,215,0.917556
111,7,164,432,96,202,0.824196
111,8,530,415,113,297,0.961477
111,9,297,418,50,197,0.953404
111,10,962,427,50,141,0.910240
111,12,1224,419,35,99,0.927121
111,13,1858,484,30,64,0.725704
112,1,1433,396,100,247,0.953630
112,2,390,406,107,288,0.960280
112,3,340,488,62,155,0.930405
112,4,478,449,67,185,0.901541
112,5,0,450,110,245,0.940039
112,6,200,447,109,215,0.889287
112,7,156,433,102,203,0.837225
112,8,534,416,112,296,0.962768
112,9,265,419,85,198,0.950513
112,10,961,428,49,142,0.888404
112,12,1223,421,35,100,0.931747
112,13,1856,485,32,64,0.717203
113,1,1433,395,97,250,0.960508
113,2,391,407,108,288,0.963246
113,3,338,489,57,154,0.927490
113,4,476,445,68,190,0.910352
113,5,0,451,98,244,0.904539
113,6,199,447,107,215,0.898883
113,7,152,433,100,205,0.775134
113,8,537,418,114,294,0.963486
113,9,297,421,61,196,0.941783
113,10,959,430,49,142,0.890630
113,12,1222,423,35,99,0.938600
113,13,1854,487,42,64,0.697045
114,1,1432,395,96,252,0.962924
114,2,395,407,105,289,0.960740
114,3,335,490,53,153,0.935301
114,4,475,448,69,188,0.918398
114,5,0,446,84,249,0.948859
114,6,199,446,102,216,0.890100
114,7,145,435,86,205,0.727248
114,8,542,418,114,294,0.962368
114,9,296,422,85,195,0.941309
114,10,952,430,54,142,0.891000
114,12,1221,423,36,99,0.936384
114,13,1853,488,44,65,0.713556
115,1,1432,396,95,252,0.963347
115,2,397,407,102,290,0.962406
115,3,339,491,48,153,0.888930
115,4,474,448,70,189,0.919877
115,5,0,446,69,250,0.939291
115,6,198,446,93,217,0.841991
115,7,142,433,68,208,0.639038
115,8,546,418,114,294,0.962092
115,9,295,424,98,193,0.916061
115,10,947,432,56,141,0.877377
115,12,1220,423,36,100,0.936793
115,13,1852,489,44,65,0.641922
116,1,1431,397,96,251,0.962861
116,2,400,407,99,290,0.963109
116,3,334,494,47,151,0.912711
116,4,475,447,69,191,0.906853
116,5,0,446,52,249,0.800059
116,6,198,448,83,214,0.823665
116,7,138,434,67,207,0.688271
116,8,550,417,112,294,0.961893
116,9,295,424,103,192,0.890176
116,10,946,435,56,139,0.883595
116,12,1219,423,36,100,0.939240
116,13,1851,489,35,66,0.604725
117,1,1431,398,95,250,0.952352
117,2,402,408,97,289,0.959881
117,3,334,492,46,156,0.889894
117,4,475,445,67,193,0.897915
117,6,189,447,80,216,0.797630
117,7,142,434,58,207,0.663284
117,8,555,417,107,293,0.959249
117,9,298,425,104,191,0.874982
117,10,945,440,55,136,0.873838
117,12,1218,423,37,101,0.939258
117,13,1848,489,56,67,0.710156
118,1,1431,398,95,251,0.954273
118,2,403,408,96,290,0.959157
118,3,326,494,51,154,0.935119
118,4,475,444,67,194,0.889569
118,6,183,447,80,216,0.788612
118,7,131,432,66,209,0.780023
118,8,557,416,106,293,0.958825
118,9,302,425,102,191,0.903962
118,10,945,440,54,136,0.882568
118,12,1218,423,36,101,0.937241
118,13,1846,491,37,65,0.625571
119,1,1431,401,95,249,0.956016
119,2,406,409,92,289,0.955621
119,3,318,494,56,154,0.923631
119,4,474,444,68,194,0.897821
119,6,181,444,69,219,0.852765
119,7,130,431,61,210,0.766638
119,8,562,416,101,287,0.965975
119,9,310,425,97,186,0.923002
119,10,945,445,53,132,0.877275
119,12,1217,424,36,101,0.936415
119,13,1840,491,42,66,0.582477
120,1,1431,401,93,249,0.955293
120,2,409,409,90,289,0.953635
120,3,310,495,64,153,0.914419
120,4,474,445,65,193,0.887068
120,6,175,444,63,220,0.856755
120,7,130,431,70,210,0.835440
120,8,568,416,95,286,0.968177
120,9,322,425,88,186,0.929512
120,10,940,447,57,130,0.857374
120,12,1216,424,37,102,0.937587
120,13,1840,492,39,65,0.601834
121,1,1430,399,92,252,0.952052
121,2,411,409,90,290,0.953231
121,3,304,493,70,152,0.931341
121,4,475,446,58,193,0.862055
121,6,172,445,63,220,0.841142
121,7,131,430,56,212,0.851218
121,8,573,416,91,285,0.968722
121,9,339,424,72,188,0.952067
121,10,935,446,61,132,0.856483
121,12,1215,424,37,103,0.935753
121,13,1842,494,36,64,0.661084
122,1,1429,399,90,252,0.953249
122,2,414,409,88,290,0.950596
122,3,301,493,72,154,0.923151
122,4,473,448,55,191,0.839841
122,6,169,446,62,219,0.842800
122,7,120,430,57,212,0.824694
122,8,578,416,86,286,0.966344
122,9,346,423,64,189,0.956220
122,10,933,440,52,138,0.886925
122,12,1215,425,37,103,0.933906
122,13,1832,486,72,72,0.659932
123,1,1426,398,89,254,0.954096
123,2,415,409,87,290,0.950275
123,3,298,493,75,156,0.937245
123,4,472,451,49,188,0.824889
123,6,146,448,84,219,0.880748
123,7,120,427,53,215,0.851539
123,8,583,416,86,287,0.966227
123,9,348,422,63,190,0.965059
123,10,929,439,50,139,0.877557
123,12,1214,424,37,104,0.932701
123,13,1832,493,70,65,0.692552
124,1,1422,397,90,254,0.956888
124,2,417,410,85,289,0.945026
124,3,296,494,76,155,0.940463
124,4,473,452,39,187,0.770221
124,6,131,448,99,219,0.918959
124,7,114,427,53,214,0.839232
124,8,588,417,85,285,0.966418
124,9,359,421,60,190,0.959705
124,10,924,436,57,142,0.893023
124,12,1213,425,38,102,0.933055
124,13,1839,492,55,67,0.662260
125,1,1421,397,89,254,0.954021
125,2,421,409,82,290,0.943434
125,3,295,493,74,157,0.944121
125,4,474,453,32,186,0.749266
125,6,120,448,110,218,0.919768
125,7,95,428,67,214,0.896226
125,8,592,417,91,285,0.966401
125,9,367,421,58,191,0.953284
125,10,928,436,53,143,0.884968
125,12,1212,426,38,102,0.933431
125,13,1834,492,61,67,0.684586
126,1,1418,398,88,253,0.952189
126,2,423,409,81,290,0.942804
126,3,293,493,73,157,0.941742
126,4,475,453,29,186,0.728776
126,6,109,450,120,217,0.918625
126,7,83,429,89,214,0.877048
126,8,597,418,100,284,0.965511
126,9,371,421,67,190,0.948846
126,10,917,436,64,144,0.852318
126,12,1211,425,39,103,0.932442
126,13,1833,492,62,67,0.665686
126,14,1889,510,31,63,0.652717
127,1,1415,398,88,255,0.952834
127,2,425,409,80,289,0.944168
127,3,292,493,64,158,0.937424
127,4,431,432,71,207,0.674627
127,6,100,450,128,219,0.916342
127,7,68,430,104,213,0.860127
127,8,602,419,107,282,0.967927
127,9,376,423,67,188,0.934017
127,10,924,433,56,147,0.834734
127,12,1211,425,39,103,0.932672
127,13,1832,491,63,66,0.670747
127,14,1881,509,39,50,0.723199
128,1,1413,397,88,256,0.955313
128,2,427,409,78,289,0.943382
128,3,290,492,60,158,0.930467
128,4,430,431,71,208,0.663789
128,6,93,450,134,220,0.918840
128,7,61,431,110,213,0.843718
128,8,603,419,112,282,0.967314
128,9,379,423,68,187,0.929684
128,10,923,433,45,147,0.865528
128,12,1211,425,38,103,0.934612
128,13,1832,493,62,64,0.696093
128,14,1875,509,45,78,0.702712
129,1,1411,397,86,257,0.951697
129,2,429,408,77,290,0.928047
129,3,287,492,57,158,0.926238
129,4,425,431,75,206,0.540558
129,6,89,451,135,219,0.922651
129,7,56,432,113,212,0.819039
129,8,602,419,116,280,0.968384
129,9,378,424,58,186,0.909668
129,10,917,434,54,146,0.835257
129,12,1210,424,39,103,0.935187
129,13,1831,492,40,64,0.715778
129,14,1875,508,45,79,0.713672
130,1,1409,397,84,258,0.953939
130,2,430,409,75,289,0.929857
130,3,283,491,52,159,0.926032
130,4,419,448,79,191,0.609149
130,6,85,451,135,220,0.927278
130,7,52,432,83,214,0.870099
130,8,602,419,117,279,0.967718
130,9,379,424,58,186,0.916854
130,10,911,433,56,147,0.839469
130,12,1209,424,39,103,0.934515
130,13,1831,492,38,64,0.740471
130,14,1878,507,42,73,0.652951
131,1,1409,396,79,259,0.950624
131,2,432,408,73,290,0.917303
131,3,280,491,50,159,0.940975
131,4,415,432,79,206,0.559577
131,6,90,450,119,220,0.919104
131,7,47,432,86,214,0.910976
131,8,603,421,120,277,0.965210
131,9,380,425,61,184,0.895327
131,10,912,433,53,148,0.841901
131,12,1208,424,39,103,0.939377
131,13,1832,491,38,64,0.746489
131,14,1877,505,43,67,0.721502
132,1,1407,396,77,259,0.956529
132,2,432,407,73,291,0.927786
132,3,275,490,52,160,0.957393
132,4,411,459,82,179,0.542192
132,6,88,449,112,221,0.893592
132,7,44,431,79,215,0.919402
132,8,606,422,116,274,0.965931
132,9,383,424,65,184,0.894388
132,10,910,433,47,148,0.833171
132,12,1207,423,39,103,0.941166
132,13,1830,478,43,78,0.783237
132,14,1876,504,44,77,0.595745
133,1,1407,397,74,257,0.955261
133,2,434,407,72,291,0.935171
133,3,271,490,51,159,0.948278
133,4,407,452,78,188,0.578389
133,6,91,447,97,223,0.885375
133,7,44,433,73,212,0.905379
133,8,611,423,111,272,0.963637
133,9,391,423,61,184,0.859085
133,10,907,433,44,148,0.836475
133,12,1206,423,39,103,0.941701
133,13,1833,476,33,79,0.719584
133,14,1875,503,45,78,0.590190
134,1,1406,398,74,256,0.952773
134,2,435,407,70,290,0.939315
134,3,270,490,51,159,0.939232
134,4,416,451,78,187,0.440375
134,6,97,446,83,224,0.870053
134,7,43,431,70,214,0.898965
134,8,615,423,107,270,0.964716
134,9,394,422,60,183,0.805708
134,10,905,432,46,148,0.804724
134,12,1206,422,38,103,0.942001
134,13,1831,478,34,77,0.721156
134,14,1876,503,39,72,0.618140
135,1,1404,397,74,257,0.956736
135,2,434,406,72,291,0.937206
135,3,258,490,60,159,0.930018
135,4,409,426,83,212,0.491610
135,6,92,445,75,224,0.825283
135,7,42,431,63,213,0.882037
135,8,622,423,101,265,0.952211
135,9,402,420,54,181,0.669463
135,10,886,432,66,148,0.775902
135,12,1206,422,37,103,0.946595
135,13,1832,474,32,79,0.743828
135,14,1873,502,41,72,0.629853
136,1,1403,397,72,257,0.951674
136,2,432,407,76,290,0.937802
136,3,252,491,63,157,0.940710
136,4,401,423,58,217,0.739563
136,6,86,445,66,225,0.884732
136,7,40,432,59,212,0.872481
136,8,632,427,90,261,0.950864
136,9,415,420,43,203,0.650500
136,10,881,430,71,151,0.874103
136,12,1205,422,37,104,0.944570
136,13,1833,473,31,80,0.717018
136,14,1876,502,44,72,0.648733
137,1,1401,397,73,257,0.944140
137,2,437,406,81,290,0.943786
137,3,247,491,67,157,0.936307
137,4,400,443,55,197,0.787445
137,6,82,444,64,224,0.908836
137,8,642,418,84,270,0.959807
137,9,420,416,40,198,0.574677
137,10,881,428,68,152,0.846329
137,12,1204,422,38,103,0.941098
137,13,1827,473,36,82,0.680434
137,14,1870,501,42,73,0.635963
138,1,1400,398,71,256,0.943449
138,2,438,406,88,289,0.939027
138,3,236,491,78,157,0.939267
138,4,400,442,55,198,0.859508
138,6,77,444,69,224,0.905473
138,8,651,415,84,272,0.963456
138,9,416,418,45,188,0.475799
138,10,880,427,63,153,0.854233
138,12,1204,421,37,104,0.939705
138,13,1825,473,39,82,0.708602
138,14,1867,500,45,74,0.652214
139,1,1399,398,69,257,0.946781
139,2,439,406,94,289,0.947254
139,3,236,491,78,157,0.941505
139,4,400,441,55,198,0.879948
139,6,60,445,86,223,0.886266
139,8,657,418,86,268,0.963469
139,9,413,440,42,178,0.462266
139,10,880,427,62,153,0.885909
139,12,1204,422,37,104,0.939274
139,13,1825,473,38,82,0.734214
139,14,1867,500,45,74,0.649940
140,1,1397,398,69,257,0.946122
140,2,442,406,99,289,0.948653
140,3,236,490,77,158,0.926966
140,4,397,440,60,199,0.892606
140,6,54,445,92,221,0.846695
140,8,658,418,92,268,0.961541
140,9,436,406,71,276,0.571200
140,10,879,427,56,154,0.881109
140,12,1203,422,37,104,0.936170
140,13,1825,473,39,83,0.734118
140,14,1867,500,43,73,0.685900
141,1,1396,396,67,259,0.952046
141,2,442,405,106,289,0.946628
141,3,235,489,77,159,0.927320
141,4,391,439,67,199,0.939839
141,6,52,446,93,220,0.852735
141,8,663,418,91,268,0.955342
141,9,439,405,72,274,0.728853
141,10,874,428,53,153,0.870658
141,12,1203,420,36,106,0.929167
141,13,1825,473,41,83,0.667850
141,14,1864,500,40,56,0.816080
142,1,1393,395,66,260,0.954459
142,2,441,405,111,289,0.941812
142,3,228,488,81,159,0.929105
142,4,390,439,68,199,0.946112
142,6,53,446,90,219,0.876944
142,8,668,419,97,266,0.960583
142,9,445,409,56,177,0.396920
142,10,866,428,60,153,0.881452
142,12,1202,423,37,104,0.938468
142,13,1825,472,40,84,0.617957
142,14,1864,500,39,57,0.815816
143,1,1393,394,64,260,0.953431
143,2,443,405,114,288,0.943716
143,3,226,487,78,159,0.926233
143,4,385,438,71,199,0.947251
143,6,45,447,98,218,0.886231
143,8,672,419,96,265,0.960560
143,9,443,405,83,274,0.776145
143,10,858,429,64,151,0.896408
143,12,1201,423,37,103,0.937328
143,13,1824,471,48,85,0.616000
143,14,1873,499,28,57,0.773196
144,1,1391,392,64,262,0.951155
144,2,445,406,116,287,0.944295
144,3,226,486,72,160,0.924886
144,4,385,437,69,199,0.942989
144,6,47,446,95,219,0.865606
144,8,674,419,100,265,0.957116
144,9,445,411,59,173,0.540927
144,10,856,429,65,151,0.898770
144,12,1200,422,38,103,0.937109
144,13,1823,470,43,86,0.719186
144,14,1872,499,28,57,0.794856
145,1,1388,392,64,262,0.958607
145,2,444,404,119,288,0.941763
145,3,226,486,65,159,0.933671
145,4,382,435,68,201,0.951303
145,6,46,438,94,227,0.817819
145,8,677,420,101,263,0.958216
145,9,446,407,61,176,0.599906
145,10,856,429,64,152,0.871931
145,12,1200,421,37,104,0.936947
145,13,1823,470,43,86,0.704984
145,14,1863,498,36,58,0.855224
146,1,1386,391,64,263,0.962403
146,2,444,405,119,287,0.932517
146,3,222,485,61,160,0.936060
146,4,377,434,66,202,0.957121
146,6,33,435,102,229,0.658092
146,8,680,420,101,262,0.952639
146,9,459,408,51,175,0.608904
146,10,854,429,67,153,0.851984
146,11,0,431,111,317,0.931913
146,12,1199,420,38,105,0.934693
146,13,1823,470,48,86,0.725062
146,14,1863,497,35,58,0.819724
147,1,1383,390,66,264,0.964562
147,2,444,403,119,288,0.931910
147,3,220,484,55,161,0.935631
147,4,374,435,66,202,0.957331
147,6,16,445,110,221,0.583728
147,8,684,419,101,262,0.957788
147,9,459,405,54,178,0.685388
147,10,853,428,66,154,0.855871
147,11,5,428,119,313,0.943045
147,12,1199,420,37,105,0.935431
147,13,1822,470,44,86,0.738881
147,14,1861,497,36,59,0.830416
148,1,1380,390,68,264,0.962794
148,2,444,403,118,288,0.927931
148,3,217,484,52,162,0.939654
148,4,369,435,69,203,0.962466
148,6,15,436,99,232,0.541691
148,8,686,419,101,262,0.962465
148,9,453,402,84,284,0.823453
148,10,854,428,60,154,0.877259
148,11,19,425,117,301,0.938911
148,12,1198,419,38,107,0.937160
148,13,1822,469,43,87,0.736251
148,14,1862,497,34,59,0.834297
149,1,1377,390,70,264,0.959019
149,2,444,401,119,289,0.943389
149,3,215,483,53,164,0.931685
149,4,365,435,72,203,0.955832
149,6,17,439,70,227,0.738348
149,8,692,417,96,263,0.963370
149,9,460,402,59,179,0.708891
149,10,851,426,61,156,0.911419
149,11,36,421,113,296,0.952806
149,12,1198,419,39,107,0.939609
149,13,1821,469,43,87,0.735006
149,14,1858,496,37,60,0.813438
150,1,1376,390,70,264,0.956512
150,2,445,401,119,289,0.944410
150,3,214,483,53,164,0.928467
150,4,363,435,73,203,0.955188
150,6,17,437,75,229,0.847913
150,8,695,418,94,261,0.958865
150,9,461,402,59,179,0.655432
150,10,848,426,62,156,0.910508
150,11,47,423,107,294,0.952681
150,12,1198,419,39,107,0.939421
150,13,1821,469,28,87,0.768856
150,14,1863,496,32,60,0.840373
151,1,1374,390,72,264,0.957552
151,2,445,401,119,288,0.945789
151,3,212,482,54,166,0.932574
151,4,358,435,75,202,0.954021
151,6,13,436,67,229,0.887770
151,8,702,417,88,258,0.967060
151,9,464,402,59,178,0.657268
151,10,843,426,61,155,0.883961
151,11,66,429,105,287,0.954311
151,12,1198,420,39,106,0.940340
151,13,1820,469,29,88,0.792681
151,14,1860,496,34,60,0.865086
152,1,1373,390,72,264,0.954605
152,2,447,402,119,287,0.947789
152,3,210,482,55,165,0.937269
152,4,353,435,81,202,0.953073
152,6,10,436,56,229,0.914883
152,8,707,416,84,255,0.969602
152,9,469,403,59,174,0.570061
152,10,840,425,52,156,0.854306
152,11,83,430,106,286,0.948551
152,12,1199,420,39,106,0.939104
152,13,1821,468,23,89,0.803161
152,14,1870,496,24,60,0.831817
153,1,1371,391,74,263,0.948722
153,2,449,401,118,288,0.942307
153,3,209,483,56,164,0.939370
153,4,349,436,85,202,0.943657
153,6,6,435,56,230,0.932013
153,8,716,414,76,256,0.971166
153,9,474,402,58,172,0.586621
153,10,841,424,50,157,0.816451
153,11,101,430,102,284,0.943077
153,12,1200,420,39,107,0.939826
153,13,1821,468,24,90,0.793981
153,14,1869,497,26,60,0.830532
154,1,1363,392,83,264,0.957152
154,2,450,401,118,288,0.940646
154,3,208,483,57,164,0.922041
154,4,349,436,87,202,0.950605
154,6,0,435,63,230,0.902965
154,8,721,412,74,259,0.968670
154,9,479,402,65,174,0.586316
154,10,843,425,47,157,0.778643
154,11,119,429,92,283,0.954566
154,12,1200,422,41,106,0.941484
154,13,1820,469,25,90,0.737138
154,14,1869,498,26,60,0.824435
155,1,1357,394,89,263,0.957475
155,2,454,402,115,286,0.939167
155,3,213,486,52,160,0.928767
155,4,349,437,88,201,0.953753
155,6,0,434,64,231,0.910458
155,8,728,414,73,257,0.960392
155,9,485,404,59,171,0.686438
155,10,844,426,41,157,0.879243
155,11,129,423,94,287,0.957408
155,12,1201,423,41,107,0.940967
155,13,1821,471,25,89,0.771949
155,14,1869,499,26,60,0.824419
156,1,1350,395,97,263,0.954844
156,2,459,401,113,287,0.941356
156,3,222,486,46,154,0.892236
156,4,349,437,91,202,0.956028
156,6,0,432,64,230,0.926179
156,8,735,413,74,258,0.961534
156,9,490,402,58,172,0.785895
156,10,836,427,47,157,0.891939
156,11,135,417,113,290,0.945830
156,12,1203,424,41,106,0.939912
156,13,1820,472,26,88,0.681311
156,14,1869,500,28,61,0.826619
157,1,1347,396,102,263,0.954437
157,2,465,402,109,285,0.937830
157,3,217,489,54,157,0.861203
157,4,352,436,90,202,0.957440
157,6,0,432,67,228,0.941434
157,8,739,412,79,259,0.965807
157,9,490,403,63,171,0.651562
157,10,828,428,56,155,0.845955
157,11,144,413,128,285,0.942603
157,12,1206,423,40,107,0.938564
157,13,1821,472,30,89,0.670196
157,14,1869,501,31,62,0.806878
158,1,1345,398,105,263,0.951841
158,2,473,402,104,285,0.948390
158,3,219,533,56,114,0.580059
158,4,354,436,90,202,0.954451
158,6,0,432,69,228,0.931936
158,8,748,415,86,256,0.962732
158,9,504,405,54,168,0.690698
158,10,827,429,58,156,0.863667
158,11,158,412,127,271,0.953208
158,12,1208,424,41,108,0.941192
158,13,1823,474,29,89,0.627936
158,14,1870,503,32,64,0.847552
159,1,1346,400,105,262,0.954575
159,2,483,401,97,285,0.938329
159,3,206,491,50,155,0.438105
159,4,357,434,87,203,0.950366
159,6,0,435,73,224,0.933181
159,8,751,416,96,255,0.956599
159,9,491,400,86,279,0.792487
159,10,829,430,57,155,0.886300
159,11,177,415,116,270,0.960211
159,12,1211,425,39,108,0.942791
159,13,1826,475,31,91,0.592248
159,14,1869,504,35,63,0.870085
160,1,1350,400,102,262,0.956245
160,2,494,400,89,286,0.937704
160,3,212,478,53,168,0.440879
160,4,358,432,85,205,0.953951
160,6,0,434,74,223,0.930374
160,8,754,414,105,257,0.954314
160,9,518,401,50,170,0.757903
160,10,831,429,59,156,0.867850
160,11,196,416,103,268,0.958875
160,12,1213,424,40,109,0.944127
160,13,1829,475,31,93,0.598310
160,14,1866,505,40,64,0.865378
161,1,1353,401,100,262,0.956954
161,2,504,400,87,286,0.926967
161,3,212,508,49,135,0.632542
161,4,354,431,86,205,0.949908
161,6,0,435,75,221,0.928621
161,8,757,419,108,251,0.956209
161,9,520,402,55,167,0.644927
161,10,832,429,51,156,0.889906
161,11,217,421,98,263,0.947734
161,12,1216,425,39,109,0.945158
161,13,1832,476,32,93,0.525444
161,14,1867,506,44,66,0.848200
162,1,1356,401,98,263,0.958085
162,2,512,397,85,289,0.944611
162,3,215,481,49,135,0.898091
162,4,353,429,84,206,0.952680
162,6,0,432,72,221,0.946611
162,8,761,418,106,250,0.949862
162,9,529,400,51,167,0.760347
162,10,833,428,46,154,0.900103
162,11,233,421,96,261,0.962370
162,12,1218,424,39,110,0.948165
162,13,1833,476,33,95,0.669680
162,14,1868,506,46,67,0.780039
163,1,1358,402,97,263,0.957343
163,2,520,397,83,290,0.955521
163,3,217,481,49,159,0.926355
163,4,355,428,78,206,0.955084
163,6,0,430,67,223,0.935459
163,8,765,418,107,249,0.954408
163,9,532,400,50,166,0.748137
163,10,831,427,45,154,0.865717
163,11,244,419,96,261,0.959286
163,12,1220,426,39,109,0.946858
163,13,1834,478,36,92,0.731112
163,14,1872,507,44,67,0.805476
164,1,1361,402,96,263,0.962319
164,2,523,398,86,289,0.959527
164,3,220,480,49,159,0.955664
164,4,365,428,63,205,0.956364
164,6,0,427,58,221,0.928430
164,8,770,418,107,249,0.952071
164,9,536,401,51,165,0.677441
164,10,818,419,58,161,0.720346
164,11,258,415,96,263,0.971027
164,12,1222,425,40,110,0.948053
164,13,1836,478,34,89,0.676146
164,14,1874,507,46,67,0.784070
165,1,1364,402,95,263,0.962084
165,2,525,397,89,290,0.952744
165,3,218,480,56,159,0.947233
165,4,367,427,56,206,0.960101
165,6,0,426,49,230,0.919394
165,8,778,417,102,249,0.954871
165,9,526,397,89,286,0.772845
165,10,804,418,66,171,0.726051
165,11,273,411,92,265,0.972569
165,12,1225,426,39,109,0.944863
165,13,1840,478,27,89,0.679396
165,14,1876,509,44,65,0.781420
166,1,1366,402,95,264,0.962483
166,2,528,396,90,291,0.956120
166,3,215,480,61,158,0.944671
166,4,370,427,52,206,0.964821
166,6,0,426,43,230,0.910676
166,8,783,417,99,248,0.947427
166,9,542,398,51,170,0.645707
166,10,807,419,61,170,0.844295
166,11,280,410,92,265,0.969529
166,12,1226,427,39,109,0.944409
166,13,1841,479,29,88,0.754528
166,14,1877,509,43,65,0.773595
167,1,1368,401,96,265,0.959429
167,2,533,396,90,290,0.956465
167,3,210,479,67,160,0.946912
167,4,371,426,53,206,0.967483
167,8,793,416,96,246,0.934155
167,9,545,398,60,169,0.752252
167,10,812,415,61,179,0.854765
167,11,293,410,91,257,0.969815
167,12,1228,427,39,109,0.943188
167,13,1843,479,27,87,0.749449
167,14,1884,509,36,65,0.825089
168,1,1371,400,97,266,0.954857
168,2,537,396,91,291,0.959078
168,3,206,478,73,161,0.948154
168,4,374,426,51,205,0.933583
168,8,804,416,86,246,0.953340
168,9,548,398,57,169,0.806203
168,10,818,438,62,119,0.891113
168,11,308,412,87,244,0.959398
168,12,1231,427,39,109,0.947910
168,13,1846,479,27,87,0.738410
168,14,1885,510,35,63,0.853952
169,1,1370,399,102,266,0.956644
169,2,540,396,93,290,0.961170
169,3,205,479,75,160,0.943275
169,4,383,425,43,205,0.588970
169,8,816,415,78,246,0.947299
169,9,550,398,58,168,0.785349
169,10,818,423,35,161,0.595872
169,11,322,415,83,241,0.954660
169,12,1234,427,38,109,0.950290
169,13,1849,477,27,89,0.727153
169,14,1887,509,33,65,0.862947
170,1,1369,396,105,268,0.958142
170,2,543,394,94,290,0.962732
170,3,205,477,74,161,0.933073
170,4,335,418,90,235,0.729159
170,8,828,411,76,249,0.945109
170,9,551,395,59,171,0.775336
170,10,809,427,42,156,0.703027
170,11,334,418,79,236,0.925303
170,12,1235,425,38,109,0.950967
170,13,1848,475,30,91,0.761047
170,14,1890,508,30,65,0.872232
171,1,1368,396,107,269,0.952144
171,2,544,393,96,291,0.964908
171,3,206,477,75,161,0.931481
171,4,347,422,86,231,0.794095
171,8,805,412,107,248,0.942822
171,9,551,394,61,175,0.785961
171,10,801,428,49,154,0.739355
171,11,347,421,79,233,0.891738
171,12,1236,425,38,110,0.948595
171,13,1849,475,31,91,0.760124
171,14,1890,507,30,66,0.851195
172,1,1367,395,108,270,0.947138
172,2,546,393,97,291,0.964289
172,3,208,477,74,162,0.918100
172,4,340,421,102,224,0.946124
172,8,828,411,93,248,0.944709
172,9,550,398,63,172,0.817093
172,10,796,427,58,156,0.745495
172,11,340,422,100,231,0.950840
172,12,1236,424,39,111,0.945961
172,13,1850,474,32,92,0.771954
172,14,1891,507,29,65,0.840654
173,1,1365,396,110,269,0.948250
173,2,546,393,100,292,0.964067
173,3,207,478,75,161,0.922093
173,4,338,419,103,233,0.870107
173,8,828,409,100,250,0.941736
173,9,550,397,73,174,0.807890
173,10,796,432,56,152,0.679065
173,11,365,419,77,234,0.941234
173,12,1237,424,39,110,0.945144
173,13,1851,474,31,91,0.775911
173,14,1892,507,28,65,0.859079
174,1,1363,394,111,270,0.953605
174,2,546,393,101,291,0.963771
174,3,206,477,73,162,0.925322
174,4,334,415,85,214,0.600427
174,8,843,410,88,248,0.950798
174,9,549,397,79,172,0.749329
174,10,795,424,72,160,0.843429
174,11,376,413,72,239,0.929383
174,12,1236,423,39,111,0.947229
174,13,1850,473,31,92,0.773468
174,14,1893,506,27,65,0.876529
175,1,1361,394,109,270,0.952820
175,2,546,393,102,291,0.963115
175,3,206,477,72,162,0.929031
175,4,332,426,91,204,0.855330
175,8,846,410,92,249,0.947846
175,9,557,395,72,149,0.568982
175,10,795,424,73,160,0.871680
175,11,385,408,73,242,0.933024
175,12,1236,423,39,111,0.947982
175,13,1848,473,33,92,0.780775
175,14,1893,506,27,65,0.888283
176,1,1360,393,107,272,0.953535
176,2,546,391,102,291,0.964836
176,3,202,476,72,162,0.910585
176,4,331,425,71,204,0.883279
176,8,848,410,94,247,0.959138
176,9,576,390,53,133,0.681140
176,10,795,422,73,161,0.875609
176,11,390,404,79,239,0.938747
176,12,1235,421,39,112,0.947237
176,13,1848,471,33,93,0.789119
176,14,1895,506,25,63,0.905025
177,1,1359,391,105,273,0.956223
177,2,546,390,102,292,0.961859
177,3,205,474,64,162,0.927064
177,4,330,424,84,204,0.930032
177,8,851,408,93,248,0.959049
177,9,565,390,83,154,0.673954
177,10,795,420,65,162,0.872803
177,11,393,402,80,229,0.934068
177,12,1234,419,39,113,0.943648
177,13,1845,469,34,93,0.759865
177,14,1893,505,27,62,0.875274
178,1,1358,388,104,274,0.954706
178,2,546,386,103,292,0.965771
178,3,196,471,80,161,0.913311
178,4,330,420,87,204,0.945931
178,8,855,406,92,246,0.960650
178,9,566,386,83,156,0.756447
178,10,793,415,59,164,0.893751
178,11,399,400,77,225,0.943973
178,12,1234,416,39,112,0.945264
178,13,1846,465,33,92,0.766913
178,14,1892,499,28,65,0.846516
179,1,1356,384,102,274,0.958138
179,2,547,382,103,291,0.963139
179,3,197,467,76,160,0.931033
179,4,329,415,92,205,0.949966
179,8,856,400,95,246,0.962259
179,9,578,385,71,151,0.732816
179,10,789,407,50,166,0.873511
179,11,401,398,80,225,0.950082
179,12,1234,411,39,112,0.943933
179,13,1841,459,39,94,0.808662
179,14,1890,494,30,64,0.872130
180,1,1355,378,99,275,0.959699
180,2,547,376,103,291,0.964323
180,3,198,462,71,160,0.937814
180,4,328,408,91,206,0.958661
180,8,857,393,94,248,0.965177
180,9,578,378,72,153,0.801671
180,10,783,403,49,165,0.867957
180,11,407,396,80,222,0.955163
180,12,1233,406,40,112,0.941686
180,13,1843,453,36,95,0.803948
180,14,1890,488,30,66,0.860905
181,1,1354,373,96,276,0.963268
181,2,547,371,103,291,0.963009
181,3,195,457,70,160,0.949935
181,4,324,403,94,206,0.959202
181,8,858,388,92,247,0.963880
181,9,579,373,71,154,0.693924
181,10,775,396,53,168,0.864073
181,11,409,394,85,219,0.952087
181,12,1231,401,41,113,0.946993
181,13,1841,447,31,95,0.785968
181,14,1891,483,29,65,0.833080
182,1,1353,370,97,276,0.960170
182,2,546,368,105,291,0.962662
182,3,194,454,70,161,0.951567
182,4,323,401,93,205,0.962060
182,8,858,386,93,245,0.961030
182,9,581,372,69,134,0.630972
182,10,769,393,57,169,0.882719
182,11,412,392,86,218,0.961543
182,12,1231,399,41,112,0.944822
182,13,1843,445,30,94,0.802851
182,14,1891,476,29,69,0.845811
183,1,1353,364,96,276,0.963826
183,2,547,363,106,291,0.960781
183,3,191,449,71,161,0.957098
183,4,321,395,88,207,0.958403
183,8,866,379,86,244,0.965041
183,9,595,366,57,155,0.500810
183,10,758,388,72,168,0.904724
183,11,422,385,83,219,0.968326
183,12,1232,394,40,112,0.945769
183,13,1841,438,28,95,0.813727
183,14,1890,470,30,70,0.808598
184,1,1351,360,96,275,0.968160
184,2,548,358,107,292,0.960701
184,3,188,444,61,163,0.948595
184,4,318,390,79,207,0.957159
184,8,870,373,81,242,0.967017
184,9,600,360,55,200,0.371304
184,10,765,384,53,168,0.895257
184,11,429,378,83,222,0.970428
184,12,1231,389,41,113,0.944351
184,13,1839,433,28,94,0.808722
184,14,1890,457,30,78,0.788217
185,1,1350,357,96,275,0.965709
185,2,548,353,109,293,0.958037
185,3,185,440,68,165,0.953211
185,4,316,387,75,206,0.962573
185,8,873,369,76,242,0.967040
185,9,609,372,93,169,0.446712
185,10,751,382,78,167,0.828648
185,11,435,372,80,223,0.964963
185,12,1230,385,42,113,0.947066
185,13,1837,428,30,94,0.796192
185,14,1890,448,30,83,0.776311
186,1,1349,354,96,276,0.964136
186,2,548,350,110,293,0.957454
186,3,182,435,64,168,0.948814
186,4,313,384,73,206,0.960289
186,8,874,367,73,241,0.964090
186,9,611,377,81,183,0.598526
186,10,748,380,66,166,0.855010
186,11,441,369,78,220,0.969041
186,12,1229,381,42,114,0.949795
186,13,1837,424,29,95,0.822995
186,14,1889,445,31,83,0.793205
187,1,1348,351,98,277,0.963825
187,2,548,348,112,292,0.957709
187,3,179,436,65,166,0.944632
187,4,311,380,71,208,0.959817
187,8,875,363,74,243,0.962897
187,9,617,373,75,187,0.512721
187,10,744,378,71,166,0.869887
187,11,447,368,74,211,0.957321
187,12,1229,378,41,114,0.949185
187,13,1836,421,29,95,0.829086
187,14,1889,453,31,71,0.804263
188,1,1347,349,99,278,0.962553
188,2,548,346,114,293,0.956378
188,3,177,435,63,165,0.949279
188,4,308,378,72,209,0.965071
188,8,879,362,70,241,0.965625
188,9,623,373,69,190,0.718973
188,10,742,377,69,166,0.817176
188,11,454,369,71,205,0.951083
188,12,1228,376,42,113,0.945725
188,13,1833,418,30,97,0.832133
188,14,1888,440,32,83,0.774457
189,1,1347,347,99,278,0.961143
189,2,548,345,116,293,0.956264
189,3,175,434,62,165,0.945420
189,4,306,377,72,211,0.966293
189,8,882,361,70,241,0.966176
189,9,624,380,70,183,0.793877
189,10,740,375,67,168,0.775284
189,11,460,371,70,202,0.937560
189,12,1228,374,41,114,0.943943
189,13,1831,416,30,97,0.827700
189,14,1887,455,27,65,0.825080
190,1,1346,346,101,278,0.962130
190,2,549,342,116,294,0.955840
190,3,172,433,63,165,0.954576
190,4,304,375,71,213,0.969768
190,8,884,360,76,240,0.966288
190,9,629,380,62,167,0.746093
190,10,736,373,66,169,0.822976
190,11,463,373,76,199,0.925835
190,12,1227,373,41,115,0.944075
190,13,1832,415,28,95,0.819228
190,14,1887,454,26,65,0.798976
191,1,1346,345,102,278,0.962743
191,2,549,342,118,294,0.957339
191,3,169,433,61,166,0.953319
191,4,302,375,70,213,0.969854
191,8,888,360,81,240,0.965123
191,9,631,380,61,171,0.772429
191,10,738,371,62,170,0.826123
191,11,470,373,71,199,0.939199
191,12,1226,372,41,114,0.943425
191,13,1832,412,27,97,0.814532
191,14,1887,439,26,77,0.817389
192,1,1346,343,102,280,0.963010
192,2,549,341,119,294,0.958965
192,3,166,433,62,167,0.935450
192,4,301,375,69,212,0.965861
192,8,891,361,83,238,0.966621
192,9,624,356,68,208,0.730012
192,10,738,370,57,170,0.853240
192,11,476,372,70,200,0.950331
192,12,1226,371,40,115,0.943690
192,13,1831,411,27,97,0.805002
192,14,1885,439,26,78,0.757793
193,1,1347,342,101,280,0.963910
193,2,549,341,120,294,0.957473
193,3,164,432,61,167,0.927669
193,4,296,376,71,210,0.960801
193,8,893,361,83,237,0.964789
193,9,640,364,78,174,0.545004
193,10,733,369,58,171,0.809270
193,11,481,367,67,203,0.944499
193,12,1225,371,40,114,0.944498
193,13,1829,410,28,96,0.802273
193,14,1884,439,25,77,0.737183
194,1,1347,341,101,280,0.963248
194,2,550,341,120,294,0.955262
194,3,162,432,61,167,0.940530
194,4,290,377,74,210,0.954896
194,8,893,362,82,236,0.958176
194,9,686,364,34,159,0.579242
194,10,727,367,59,172,0.811606
194,11,485,365,67,204,0.948522
194,12,1225,371,40,114,0.943788
194,13,1827,409,29,97,0.790438
194,14,1880,436,40,80,0.670806
195,1,1349,340,100,281,0.959000
195,2,551,340,120,294,0.954214
195,3,160,431,62,168,0.945618
195,4,288,377,74,210,0.950954
195,8,894,363,80,234,0.949819
195,9,687,363,38,160,0.880133
195,10,722,367,62,172,0.831989
195,11,491,361,63,206,0.947757
195,12,1224,371,40,114,0.945109
195,13,1826,409,30,96,0.792374
195,14,1877,436,28,79,0.748268
196,1,1349,338,100,282,0.959163
196,2,552,339,120,295,0.957806
196,3,159,430,61,169,0.956141
196,4,284,377,75,211,0.963595
196,8,895,364,81,232,0.959305
196,9,687,363,36,158,0.899149
196,10,716,366,53,173,0.837732
196,11,495,361,62,197,0.945406
196,12,1223,370,40,115,0.944172
196,13,1824,408,32,96,0.786809
196,14,1877,434,43,81,0.743844
197,1,1349,338,100,282,0.956933
197,2,553,339,120,295,0.959150
197,3,158,430,60,169,0.957850
197,4,281,377,76,212,0.957340
197,8,896,364,80,231,0.954666
197,9,687,365,32,155,0.881781
197,10,706,367,65,172,0.839728
197,11,499,364,60,192,0.924028
197,12,1222,370,41,114,0.943876
197,13,1824,406,31,97,0.797365
197,14,1874,433,46,81,0.808361
198,1,1349,338,100,282,0.956824
198,2,553,340,120,294,0.957869
198,3,154,430,63,169,0.956827
198,4,281,377,76,212,0.956232
198,8,897,364,79,231,0.956746
198,9,687,367,30,153,0.880623
198,10,698,367,71,173,0.839073
198,11,500,367,60,189,0.912001
198,12,1222,370,40,115,0.942570
198,13,1823,405,32,95,0.792676
198,14,1874,433,46,81,0.815804
199,1,1346,338,103,282,0.960702
199,2,555,340,119,294,0.955705
199,3,152,430,64,169,0.961666
199,4,280,377,76,213,0.962379
199,8,901,364,75,230,0.957313
199,9,687,369,37,155,0.817066
199,10,691,368,73,171,0.833915
199,11,503,369,58,187,0.912332
199,12,1220,370,41,115,0.945320
199,13,1821,404,34,96,0.798147
199,14,1874,433,35,81,0.830078
200,1,1340,337,109,282,0.960401
200,2,556,340,119,293,0.956651
200,3,152,429,62,169,0.962191
200,4,280,377,76,212,0.964581
200,8,905,364,73,226,0.954515
200,9,686,368,39,170,0.696509
200,10,690,369,66,169,0.868160
200,11,510,370,54,186,0.914153
200,12,1219,370,42,114,0.946068
200,13,1819,404,35,95,0.805807
200,14,1873,431,38,82,0.811075
201,1,1336,337,113,282,0.959938
201,2,557,340,119,293,0.959056
201,3,150,431,62,168,0.935514
201,4,279,377,77,212,0.965754
201,8,911,359,72,231,0.948651
201,9,688,370,53,169,0.837741
201,10,689,370,66,170,0.818613
201,11,512,368,55,188,0.912583
201,12,1218,369,41,115,0.946980
201,13,1818,403,35,95,0.815993
201,14,1873,430,40,83,0.826140
202,1,1332,335,117,282,0.958256
202,2,559,339,118,294,0.957484
202,3,150,432,58,168,0.937827
202,4,280,375,75,214,0.965875
202,8,916,360,74,229,0.952304
202,9,689,371,51,167,0.876588
202,10,689,371,65,168,0.847527
202,11,516,366,54,189,0.912355
202,12,1218,367,41,116,0.946417
202,13,1818,401,33,94,0.809410
202,14,1872,429,40,82,0.802100
203,1,1331,336,118,281,0.961893
203,2,560,339,117,294,0.955597
203,3,146,432,60,170,0.942084
203,4,279,374,73,215,0.959133
203,8,918,359,78,230,0.950688
203,9,687,368,63,170,0.887817
203,10,687,368,64,171,0.873636
203,11,518,363,54,192,0.908710
203,12,1217,365,41,118,0.950856
203,13,1816,400,35,92,0.817003
203,14,1871,427,41,84,0.771284
204,1,1332,337,117,281,0.962535
204,2,560,340,118,293,0.953991
204,3,137,434,65,169,0.941514
204,4,276,375,74,214,0.961962
204,8,920,359,81,230,0.946689
204,9,686,369,61,168,0.843276
204,10,686,369,60,169,0.834053
204,11,519,363,54,191,0.899150
204,12,1216,365,41,118,0.950842
204,13,1814,399,35,92,0.825669
204,14,1870,427,41,84,0.746252
205,1,1335,336,114,283,0.960389
205,2,561,339,117,293,0.952932
205,3,130,432,71,171,0.944672
205,4,272,373,75,216,0.955659
205,8,923,356,83,233,0.943208
205,9,686,368,57,166,0.820869
205,10,685,369,58,169,0.780503
205,11,519,361,58,189,0.889060
205,12,1216,365,41,117,0.951184
205,13,1813,398,34,90,0.820465
205,14,1870,426,41,84,0.746760
206,1,1336,336,114,285,0.960662
206,2,560,339,119,293,0.949608
206,3,126,432,76,171,0.941394
206,4,270,373,73,216,0.952025
206,8,925,357,86,232,0.954637
206,9,704,362,50,170,0.868437
206,10,684,372,49,167,0.791942
206,11,520,361,58,181,0.850809
206,12,1215,364,42,118,0.951041
206,13,1813,397,33,89,0.833477
206,14,1869,424,41,85,0.748186
207,1,1339,336,111,286,0.960004
207,2,563,339,118,293,0.947042
207,3,127,432,75,172,0.941090
207,4,267,373,69,216,0.956529
207,8,928,358,88,230,0.953237
207,9,705,360,51,173,0.900379
207,10,685,378,46,162,0.710036
207,11,537,363,43,178,0.822897
207,12,1216,364,42,119,0.949109
207,13,1813,395,33,91,0.835149
207,14,1869,423,35,86,0.711247
208,1,1341,336,110,287,0.959726
208,2,564,340,119,292,0.951867
208,3,128,433,74,173,0.947474
208,4,265,373,66,216,0.964517
208,8,932,343,87,244,0.935994
208,9,708,361,51,150,0.926958
208,10,685,378,30,161,0.712814
208,11,541,368,42,174,0.800085
208,12,1216,364,43,119,0.947792
208,13,1813,394,32,90,0.839352
208,14,1867,423,32,85,0.711106
209,1,1344,336,107,287,0.961433
209,2,567,339,117,292,0.951466
209,3,129,432,73,173,0.939629
209,4,265,372,62,216,0.964559
209,8,933,357,90,229,0.945069
209,9,713,361,54,150,0.930392
209,10,684,380,41,163,0.651350
209,11,545,372,41,170,0.780403
209,12,1216,364,44,119,0.946430
209,13,1813,393,34,90,0.836052
209,14,1868,422,28,85,0.759886
210,1,1345,336,106,288,0.964310
210,2,568,339,117,292,0.952273
210,3,128,433,72,173,0.939208
210,4,262,372,63,217,0.966273
210,8,937,360,89,226,0.932239
210,9,717,364,57,147,0.930610
210,10,655,385,56,164,0.560419
210,11,550,364,51,178,0.759303
210,12,1216,364,44,118,0.947087
210,13,1813,392,32,90,0.840080
210,14,1868,421,29,86,0.726920
