1,0,0,602,83,378,0.976931
1,2,1266,616,89,266,0.941079
1,3,584,656,44,131,0.925458
1,5,492,660,48,123,0.930945
1,6,456,647,48,135,0.922942
1,7,1193,648,62,148,0.912498
1,10,1793,656,118,253,0.940302
1,13,826,633,71,217,0.956442
1,14,1326,627,48,165,0.924964
1,15,158,639,46,104,0.942405
2,0,0,601,67,377,0.972480
2,2,1265,615,88,266,0.938701
2,3,583,656,43,130,0.924213
2,5,491,660,48,123,0.933837
2,6,454,647,49,135,0.918649
2,7,1189,648,63,148,0.895561
2,10,1791,658,119,251,0.934973
2,13,828,633,70,217,0.955392
2,14,1328,627,50,164,0.901752
2,15,160,636,45,115,0.938245
3,0,0,600,63,374,0.963802
3,2,1265,614,86,266,0.940264
3,3,584,655,40,130,0.928839
3,5,490,659,49,124,0.933649
3,6,454,648,48,134,0.923745
3,7,1186,647,63,148,0.897061
3,10,1788,658,121,248,0.932418
3,13,831,631,68,219,0.956340
3,14,1332,627,56,164,0.914674
3,15,163,635,44,117,0.944406
4,0,0,599,63,377,0.960508
4,2,1264,615,86,264,0.945447
4,3,584,655,37,129,0.928067
4,5,490,658,47,124,0.926382
4,6,453,647,48,134,0.921652
4,7,1184,648,64,147,0.900507
4,10,1785,661,121,244,0.919290
4,13,832,630,67,219,0.960768
4,14,1336,631,60,160,0.928775
4,15,166,633,44,118,0.940496
5,0,0,599,64,378,0.950267
5,2,1264,615,85,264,0.946521
5,3,583,653,36,130,0.928785
5,5,490,657,47,124,0.920512
5,6,452,646,49,134,0.922227
5,7,1181,648,61,146,0.909046
5,10,1780,659,122,246,0.925903
5,13,835,628,66,220,0.966088
5,14,1335,633,69,159,0.927140
5,15,168,632,44,118,0.934037
6,0,0,609,64,368,0.948349
6,2,1264,614,84,263,0.949074
6,3,581,653,37,129,0.931301
6,5,490,657,46,124,0.921996
6,6,451,646,50,135,0.922877
6,7,1179,647,60,146,0.908367
6,10,1777,660,116,242,0.918155
6,13,837,628,65,219,0.972209
6,14,1335,633,72,158,0.924108
6,15,170,632,44,121,0.937082
7,2,1262,613,86,264,0.949428
7,3,580,653,37,128,0.927313
7,5,490,657,46,125,0.920619
7,6,451,646,50,135,0.924181
7,7,1178,648,60,144,0.907665
7,10,1770,657,111,243,0.924737
7,13,839,627,65,220,0.972483
7,14,1335,634,74,157,0.922032
7,15,171,634,44,119,0.937087
8,2,1262,613,86,264,0.951549
8,3,578,652,37,128,0.924299
8,5,489,657,47,125,0.914745
8,6,450,645,51,136,0.923330
8,7,1175,648,61,144,0.910968
8,10,1764,653,105,242,0.926829
8,13,841,627,63,219,0.967002
8,14,1336,634,74,158,0.929680
8,15,174,636,41,117,0.936793
9,2,1261,613,87,263,0.951027
9,3,576,651,37,128,0.927355
9,5,489,656,48,126,0.919515
9,6,450,646,50,135,0.925351
9,7,1173,648,61,144,0.920991
9,10,1758,655,98,236,0.897586
9,13,843,627,63,219,0.967011
9,14,1338,634,72,158,0.940172
9,15,178,636,39,116,0.936411
10,2,1260,613,88,263,0.950694
10,3,574,650,38,129,0.923505
10,5,490,655,47,127,0.921336
10,6,449,645,49,136,0.930053
10,7,1172,648,62,144,0.912168
10,10,1749,651,93,237,0.908747
10,13,845,627,62,219,0.964563
10,14,1341,632,69,160,0.936390
10,15,180,635,40,117,0.929184
11,2,1260,614,88,263,0.951888
11,3,572,651,38,128,0.916188
11,5,490,655,48,128,0.924903
11,6,448,647,50,135,0.934496
11,7,1170,646,58,146,0.921670
11,10,1741,653,86,235,0.896917
11,13,847,627,62,220,0.965369
11,14,1349,630,60,162,0.927372
11,15,182,634,40,120,0.911050
12,2,1259,613,89,264,0.951561
12,3,571,652,38,127,0.904421
12,5,490,655,48,128,0.930140
12,6,448,646,49,136,0.941337
12,7,1172,646,54,146,0.925871
12,10,1738,650,74,230,0.881491
12,13,849,628,69,222,0.968189
12,14,1356,630,54,162,0.919572
12,15,184,636,41,118,0.909677
13,2,1259,614,89,263,0.951792
13,3,570,652,38,128,0.904194
13,5,491,656,47,127,0.931753
13,6,447,646,50,137,0.939416
13,7,1169,646,54,146,0.927635
13,10,1735,650,85,221,0.904812
13,13,852,629,75,221,0.967865
13,14,1365,629,47,164,0.919443
13,15,184,634,44,119,0.913242
14,2,1259,614,89,264,0.952255
14,3,569,653,37,129,0.912675
14,5,491,655,47,129,0.936234
14,6,447,645,49,138,0.937476
14,7,1168,646,55,145,0.930621
14,10,1732,649,87,222,0.904236
14,13,852,630,82,221,0.964410
14,14,1367,632,47,162,0.906022
14,15,184,634,47,121,0.913236
15,2,1259,614,89,265,0.951051
15,3,568,652,37,130,0.903601
15,5,491,656,47,129,0.937323
15,6,446,646,49,138,0.941073
15,7,1165,648,57,143,0.929821
15,10,1730,650,67,231,0.926654
15,13,852,631,82,222,0.965094
15,14,1368,633,50,163,0.917407
15,15,183,636,50,121,0.914542
16,2,1258,614,89,266,0.950058
16,3,566,653,38,130,0.892194
16,5,491,656,47,130,0.941175
16,6,445,647,49,137,0.934932
16,7,1163,648,58,143,0.928341
16,10,1730,651,63,222,0.941452
16,13,851,631,81,223,0.965959
16,14,1368,634,56,164,0.927421
16,15,185,639,51,122,0.913660
17,2,1258,615,89,265,0.949428
17,3,565,654,38,129,0.897172
17,5,491,656,47,130,0.943837
17,6,445,648,49,137,0.933745
17,7,1163,649,56,143,0.929248
17,10,1729,651,63,223,0.936636
17,13,852,633,80,222,0.965729
17,14,1368,635,58,163,0.929264
17,15,188,641,50,120,0.904815
18,2,1257,617,90,263,0.950865
18,3,564,655,38,128,0.887419
18,5,492,656,47,130,0.947304
18,6,445,647,49,139,0.935869
18,7,1164,649,56,143,0.930170
18,10,1728,650,63,225,0.920389
18,13,852,632,81,223,0.965745
18,14,1367,635,67,164,0.922141
18,15,191,644,52,117,0.913141
19,2,1257,618,90,263,0.951237
19,3,564,656,38,128,0.889647
19,5,492,657,47,130,0.944922
19,6,445,647,51,141,0.933755
19,7,1165,649,56,144,0.933438
19,10,1728,667,62,208,0.902429
19,13,855,632,78,224,0.968148
19,14,1368,637,72,163,0.916302
19,15,197,643,51,118,0.912080
20,2,1264,619,83,263,0.945202
20,3,563,657,38,127,0.899099
20,5,492,658,47,131,0.944205
20,6,445,648,51,141,0.934529
20,7,1165,650,55,143,0.932212
20,10,1729,648,60,227,0.880671
20,13,856,632,77,225,0.968224
20,14,1371,638,73,164,0.912255
20,15,202,643,49,119,0.922098
21,2,1266,620,81,262,0.944567
21,3,561,657,39,128,0.892388
21,5,492,659,48,132,0.941719
21,6,445,650,51,140,0.932529
21,7,1165,651,56,143,0.930020
21,10,1729,651,59,223,0.846454
21,13,861,632,72,226,0.967798
21,14,1374,640,74,164,0.906490
21,15,206,642,48,122,0.927265
22,2,1268,620,79,263,0.944613
22,3,560,657,39,129,0.899961
22,5,492,660,47,131,0.941127
22,6,444,650,52,141,0.932770
22,7,1165,651,54,143,0.929903
22,10,1727,655,61,220,0.688074
22,13,866,632,70,226,0.968722
22,14,1377,640,77,165,0.904016
22,15,215,640,44,124,0.937113
23,2,1267,620,80,263,0.943579
23,3,559,657,40,129,0.904403
23,5,492,661,46,131,0.940215
23,6,444,651,52,141,0.923311
23,7,1164,651,54,143,0.935283
23,10,1727,656,56,217,0.595940
23,13,872,632,68,227,0.967394
23,14,1382,640,76,166,0.912844
23,15,218,639,44,127,0.932005
24,2,1268,620,79,264,0.935842
24,3,558,657,40,128,0.914016
24,5,492,662,46,130,0.938253
24,6,445,652,52,141,0.914247
24,7,1165,652,53,143,0.933859
24,10,1683,647,98,226,0.407477
24,13,878,633,67,226,0.967825
24,14,1389,638,74,169,0.922619
24,15,221,639,47,128,0.932537
25,2,1267,619,80,265,0.936450
25,3,557,658,40,127,0.913603
25,5,493,662,46,131,0.937381
25,6,445,654,52,139,0.912056
25,7,1164,652,55,143,0.932394
25,10,1652,650,111,225,0.761621
25,13,881,633,68,227,0.970444
25,14,1395,638,70,170,0.909168
25,15,224,641,48,128,0.925179
26,2,1269,620,78,265,0.932486
26,3,554,658,42,127,0.911727
26,5,493,663,46,131,0.939274
26,6,445,654,52,140,0.916066
26,7,1165,652,53,143,0.932658
26,10,1651,651,108,221,0.892651
26,13,883,633,71,229,0.969250
26,14,1403,638,64,170,0.922832
26,15,227,642,48,129,0.928641
27,2,1268,620,80,265,0.935757
27,3,552,659,44,127,0.908522
27,5,494,663,46,131,0.936992
27,6,445,654,53,141,0.915302
27,7,1165,653,53,142,0.931473
27,10,1650,652,86,220,0.942949
27,13,885,635,74,230,0.964644
27,14,1409,637,60,172,0.942035
27,15,229,645,48,126,0.915776
28,2,1272,622,76,264,0.930587
28,3,551,660,46,126,0.911044
28,5,494,663,46,132,0.936822
28,6,445,655,53,140,0.914496
28,7,1164,653,54,141,0.927291
28,10,1649,664,90,209,0.941701
28,13,887,635,75,232,0.962926
28,14,1415,641,56,168,0.943691
28,15,232,649,50,122,0.915698
29,2,1273,622,75,264,0.929334
29,3,549,659,49,128,0.914526
29,5,495,663,46,132,0.938695
29,6,445,655,53,141,0.918544
29,7,1165,654,52,140,0.925430
29,10,1649,672,89,201,0.955766
29,13,890,636,75,232,0.961274
29,14,1423,641,53,168,0.945106
29,15,240,647,44,125,0.924129
30,2,1273,623,75,264,0.937701
30,3,548,659,49,128,0.915188
30,5,496,663,45,132,0.940258
30,6,445,655,53,141,0.918465
30,7,1163,653,53,141,0.924880
30,10,1649,673,89,200,0.955396
30,13,894,637,76,232,0.959414
30,14,1427,641,58,170,0.920991
30,15,245,645,41,127,0.914935
31,2,1273,624,75,263,0.932589
31,3,547,660,50,128,0.910159
31,5,497,663,45,132,0.937965
31,6,446,654,53,142,0.924639
31,7,1164,653,52,141,0.923368
31,10,1648,674,89,199,0.954370
31,13,897,638,78,231,0.960944
31,14,1433,643,65,168,0.912529
31,15,249,647,40,125,0.921118
32,2,1273,624,75,263,0.935252
32,3,543,662,54,126,0.903824
32,5,497,663,46,133,0.935175
32,6,446,654,55,143,0.928470
32,7,1164,654,51,141,0.923262
32,10,1647,674,90,199,0.946131
32,13,898,639,78,232,0.959894
32,14,1433,643,74,170,0.915231
32,15,250,645,44,128,0.923831
33,2,1274,624,74,264,0.932566
33,3,538,661,53,127,0.911704
33,5,498,664,45,132,0.927815
33,6,447,654,55,144,0.927463
33,7,1163,655,51,141,0.926668
33,10,1646,676,91,198,0.924697
33,13,900,638,78,234,0.960746
33,14,1434,644,79,169,0.928737
33,15,251,644,49,131,0.925937
34,2,1275,626,73,263,0.938378
34,3,536,664,50,125,0.905749
34,5,498,664,45,133,0.921282
34,6,448,654,54,144,0.926404
34,7,1163,655,50,141,0.926376
34,10,1646,677,91,197,0.901804
34,13,904,639,75,235,0.962894
34,14,1434,642,86,173,0.931108
34,15,252,646,52,132,0.928776
35,2,1276,626,72,263,0.948019
35,3,537,666,45,123,0.900834
35,5,498,666,45,132,0.914954
35,6,448,654,54,144,0.928602
35,7,1163,658,50,139,0.919726
35,10,1645,678,86,196,0.830445
35,13,906,638,75,237,0.961640
35,14,1434,644,85,171,0.921384
35,15,253,648,53,132,0.936663
36,2,1278,626,70,263,0.952760
36,3,537,665,44,124,0.895323
36,5,500,667,43,132,0.908406
36,6,448,655,56,144,0.930322
36,7,1162,658,49,139,0.914596
36,10,1525,457,212,423,0.903300
36,13,909,638,74,237,0.963473
36,14,1437,644,84,172,0.915161
36,15,255,650,56,130,0.938708
37,2,1281,626,67,264,0.951070
37,3,537,667,43,122,0.890344
37,5,500,667,43,132,0.905230
37,6,448,656,57,144,0.936384
37,7,1163,658,46,139,0.919668
37,10,1524,457,212,423,0.850948
37,13,913,637,72,239,0.966260
37,14,1441,642,80,174,0.909648
37,15,260,652,56,129,0.937366
38,2,1284,626,63,264,0.950746
38,3,538,666,42,124,0.879084
38,5,500,668,45,132,0.908242
38,6,448,656,57,144,0.934025
38,7,1161,658,46,139,0.921951
38,10,1614,679,70,187,0.650585
38,13,916,637,71,239,0.965189
38,14,1448,644,73,172,0.905181
38,15,266,653,56,128,0.935635
39,2,1288,627,59,264,0.949242
39,3,538,666,39,123,0.867852
39,5,498,670,46,131,0.909087
39,6,448,658,56,143,0.933048
39,7,1158,658,48,139,0.921965
39,10,1523,634,209,246,0.925406
39,13,918,636,70,240,0.964287
39,14,1457,641,64,175,0.916085
39,15,270,652,54,130,0.946415
40,2,1289,627,57,266,0.951585
40,3,537,666,37,123,0.856039
40,5,497,670,47,132,0.908306
40,6,447,659,56,143,0.926442
40,7,1157,658,49,139,0.924479
40,10,1585,678,77,195,0.747113
40,13,920,637,70,239,0.969155
40,14,1469,642,51,175,0.913097
40,15,276,650,52,133,0.946191
41,2,1290,627,55,266,0.949685
41,3,537,664,34,125,0.854479
41,5,497,670,48,133,0.906424
41,6,447,659,57,144,0.929941
41,7,1156,658,49,139,0.920121
41,10,1570,678,82,195,0.770275
41,13,923,637,68,239,0.965181
41,14,1478,635,42,182,0.895320
41,15,281,649,50,134,0.952744
42,2,1290,626,55,267,0.948571
42,3,535,664,35,125,0.858267
42,5,498,671,47,131,0.902812
42,6,448,659,56,144,0.927315
42,7,1156,658,47,138,0.920003
42,10,1565,677,86,197,0.894822
42,13,926,636,68,240,0.965457
42,14,1481,638,39,179,0.887559
42,15,285,647,50,137,0.946446
43,2,1291,626,58,267,0.949663
43,3,535,664,32,124,0.808605
43,5,498,670,47,133,0.896528
43,6,449,659,56,145,0.924937
43,7,1156,657,46,139,0.920979
43,10,1562,677,88,197,0.940932
43,13,929,636,69,240,0.964137
43,14,1483,635,38,183,0.884982
43,15,288,648,51,138,0.949147
44,2,1292,626,65,268,0.947775
44,3,535,664,32,124,0.762503
44,5,501,670,47,133,0.901699
44,6,451,659,54,145,0.925415
44,7,1156,656,45,140,0.923676
44,10,1561,676,88,198,0.946754
44,13,932,636,70,240,0.963608
44,14,1485,645,35,172,0.880181
44,15,291,649,51,138,0.949647
45,2,1293,625,70,268,0.945494
45,3,536,664,29,124,0.744284
45,5,502,669,50,134,0.907611
45,6,452,659,53,145,0.929057
45,7,1156,656,44,139,0.933995
45,10,1560,676,89,198,0.944723
45,13,935,636,82,240,0.963500
45,14,1483,652,37,164,0.851206
45,15,295,649,50,139,0.958985
46,2,1294,625,75,268,0.946553
46,3,535,663,29,125,0.707018
46,4,542,663,47,120,0.874338
46,5,502,669,51,134,0.905656
46,6,453,659,52,145,0.927432
46,7,1156,656,43,138,0.934462
46,10,1560,676,88,198,0.936601
46,11,1792,665,128,238,0.867581
46,13,939,637,90,239,0.964869
46,14,1481,664,39,151,0.842314
46,15,300,652,49,136,0.958740
47,2,1296,625,75,267,0.945967
47,3,535,663,25,126,0.709302
47,4,543,662,45,118,0.892943
47,5,503,669,47,134,0.912646
47,6,453,658,52,146,0.929511
47,7,1156,655,42,139,0.930265
47,10,1560,675,86,198,0.911250
47,11,1791,662,122,240,0.835423
47,13,939,636,99,241,0.965389
47,14,1481,659,40,156,0.690914
47,15,303,652,49,136,0.958028
48,2,1296,625,78,267,0.944476
48,3,533,667,42,122,0.614600
48,4,543,662,45,118,0.901991
48,5,503,668,49,135,0.912180
48,6,454,658,51,146,0.928495
48,7,1155,654,42,139,0.917477
48,10,1557,675,86,198,0.839092
48,11,1792,661,119,240,0.881835
48,13,939,635,102,242,0.963519
48,14,1485,674,36,141,0.454957
48,15,306,652,48,136,0.962601
49,2,1297,624,78,268,0.942147
49,3,512,666,62,123,0.519106
49,4,548,663,39,117,0.906548
49,5,504,669,48,133,0.911118
49,6,455,657,51,146,0.926203
49,7,1156,654,41,139,0.916406
49,10,1524,674,116,199,0.887307
49,11,1791,663,116,237,0.875920
49,13,940,635,100,243,0.962133
49,14,1501,685,20,129,0.417453
49,15,310,650,49,138,0.941525
50,2,1300,624,77,268,0.941778
50,3,525,662,50,126,0.579030
50,4,549,662,38,117,0.911149
50,5,504,669,48,133,0.913945
50,6,455,657,52,145,0.930108
50,7,1155,653,41,140,0.914543
50,10,1519,674,115,199,0.908406
50,11,1786,662,111,237,0.883371
50,13,941,635,98,244,0.963468
50,14,1503,692,21,137,0.328532
50,15,314,648,46,140,0.938339
51,2,1301,625,75,268,0.943255
51,3,505,666,47,135,0.471725
51,4,549,662,38,117,0.914550
51,5,504,667,47,135,0.915901
51,6,455,656,53,146,0.932170
51,7,1155,653,40,139,0.906003
51,10,1518,674,107,198,0.887295
51,11,1779,664,109,234,0.878636
51,13,944,635,96,245,0.964599
51,14,1515,466,119,393,0.785520
51,15,317,647,47,141,0.943277
52,2,1301,624,76,269,0.947463
52,3,505,666,47,136,0.848140
52,4,549,662,38,117,0.925802
52,5,505,669,46,133,0.918724
52,6,456,656,53,146,0.934300
52,7,1155,653,39,139,0.907071
52,10,1517,673,86,199,0.824284
52,11,1773,662,106,231,0.871959
52,13,946,635,94,246,0.962530
52,14,1516,672,76,169,0.748346
52,15,320,647,50,142,0.947235
53,2,1301,624,77,269,0.947031
53,3,505,665,47,138,0.911327
53,4,549,661,39,118,0.924345
53,5,505,667,46,136,0.920842
53,6,456,656,54,148,0.937727
53,7,1155,652,40,140,0.907729
53,10,1516,673,83,199,0.868473
53,11,1765,661,100,230,0.861059
53,13,950,634,90,247,0.962200
53,14,1517,673,85,170,0.753102
53,15,320,649,52,143,0.945046
54,2,1301,624,77,269,0.951087
54,3,505,667,48,138,0.913484
54,4,549,663,39,116,0.926282
54,5,505,669,47,136,0.921959
54,6,456,657,54,149,0.940285
54,7,1155,652,39,141,0.902281
54,10,1516,672,83,200,0.883309
54,11,1761,661,90,229,0.876045
54,13,954,634,86,248,0.964139
54,14,1518,673,88,170,0.752495
54,15,318,651,54,143,0.948797
55,2,1302,624,76,270,0.952324
55,3,505,667,48,138,0.926059
55,4,548,663,40,116,0.929601
55,5,504,668,48,138,0.930031
55,6,456,657,54,149,0.941742
55,7,1156,652,38,141,0.896417
55,10,1516,651,99,221,0.921986
55,11,1758,659,78,232,0.893500
55,13,962,634,80,248,0.962801
55,14,1516,465,207,408,0.931471
55,15,318,653,59,141,0.950815
56,2,1301,624,77,270,0.952999
56,3,505,664,48,142,0.928510
56,4,549,666,39,114,0.926519
56,5,505,665,47,141,0.930899
56,6,456,657,54,150,0.939467
56,7,1155,651,38,142,0.892514
56,8,1855,706,65,176,0.931926
56,10,1516,643,84,229,0.907510
56,11,1751,659,77,231,0.906532
56,13,970,633,76,249,0.966212
56,14,1516,465,208,408,0.879666
56,15,319,655,63,139,0.950006
57,2,1302,623,76,271,0.953328
57,3,506,664,46,142,0.928017
57,4,549,666,40,115,0.923606
57,5,505,664,47,142,0.930220
57,6,455,658,55,150,0.938347
57,7,1154,651,39,142,0.895616
57,8,1854,705,66,177,0.929469
57,10,1515,643,82,229,0.882020
57,11,1748,659,74,231,0.898760
57,13,979,633,70,249,0.966218
57,14,1559,673,83,165,0.878950
57,15,323,654,63,140,0.952528
58,2,1303,623,75,271,0.952519
58,3,506,663,46,143,0.930901
58,4,550,665,39,116,0.925772
58,5,506,663,46,143,0.932090
58,6,456,657,55,151,0.938753
58,7,1153,650,39,143,0.897674
58,8,1856,705,64,176,0.937598
58,10,1492,680,57,182,0.552747
58,11,1743,656,76,235,0.886913
58,13,984,632,71,250,0.966561
58,14,1560,673,83,169,0.924620
58,15,330,653,60,141,0.956234
59,2,1303,623,75,271,0.949105
59,3,507,663,45,142,0.925006
59,4,550,665,40,117,0.922781
59,5,507,663,46,143,0.926275
59,6,456,657,56,151,0.944615
59,7,1153,650,39,142,0.895145
59,8,1854,705,66,176,0.935791
59,10,1492,680,31,182,0.458345
59,11,1740,660,78,230,0.845681
59,13,986,632,74,252,0.961378
59,14,1560,673,83,169,0.925987
59,15,336,651,57,143,0.958741
60,2,1303,622,75,271,0.949766
60,3,506,663,49,142,0.908506
60,4,550,665,41,117,0.924653
60,5,506,664,49,142,0.911785
60,6,456,657,54,151,0.943315
60,7,1153,650,38,142,0.891919
60,8,1851,705,65,176,0.934190
60,10,1491,667,31,195,0.747202
60,11,1733,660,85,230,0.894959
60,13,989,633,78,253,0.960349
60,14,1561,673,83,170,0.929605
60,15,342,649,55,145,0.953900
61,2,1304,622,74,271,0.950430
61,3,505,662,51,143,0.791146
61,4,551,665,41,117,0.921714
61,5,507,671,50,135,0.902187
61,6,457,657,52,152,0.936010
61,7,1153,650,38,142,0.898185
61,8,1848,706,61,175,0.937395
61,10,1484,661,37,200,0.825301
61,11,1730,661,88,229,0.887919
61,13,995,633,78,254,0.961327
61,14,1562,673,83,170,0.911629
61,15,346,647,53,149,0.956261
62,2,1305,623,73,271,0.952710
62,3,504,661,48,125,0.585594
62,4,552,665,41,117,0.913386
62,5,509,676,49,130,0.902455
62,6,458,657,54,152,0.929846
62,7,1152,651,39,142,0.894535
62,8,1845,705,59,176,0.928691
62,10,1479,658,41,203,0.867544
62,11,1728,659,90,232,0.889063
62,13,998,634,79,253,0.950798
62,14,1563,673,82,170,0.853146
62,15,349,647,54,153,0.960914
63,2,1306,623,72,271,0.951288
63,3,499,661,48,125,0.613698
63,4,552,665,41,117,0.921575
63,5,509,677,48,129,0.893982
63,6,458,659,53,150,0.929882
63,7,1151,650,40,143,0.894144
63,8,1833,706,70,175,0.927863
63,10,1476,655,44,206,0.894928
63,11,1728,660,89,231,0.903476
63,13,1002,634,82,254,0.950821
63,14,1523,464,200,408,0.933782
63,15,351,649,55,151,0.953988
64,2,1307,623,71,271,0.952446
64,3,496,662,50,124,0.693336
64,4,552,664,43,119,0.917591
64,5,510,677,49,129,0.905366
64,6,458,658,53,151,0.934753
64,7,1151,650,40,143,0.894100
64,8,1833,707,68,175,0.940716
64,10,1470,654,50,208,0.900061
64,11,1726,661,91,229,0.933817
64,13,1005,636,83,253,0.946250
64,14,1574,674,74,168,0.585415
64,15,353,650,54,153,0.954852
65,2,1309,623,70,271,0.951782
65,3,495,663,51,123,0.605466
65,4,552,663,43,120,0.917193
65,5,512,676,48,130,0.899629
65,6,459,657,53,152,0.933395
65,7,1150,650,41,143,0.901639
65,8,1826,709,73,173,0.944334
65,10,1466,652,54,210,0.909441
65,11,1727,660,88,229,0.926641
65,13,1007,637,85,253,0.958074
65,14,1523,464,203,408,0.925029
65,15,356,653,55,150,0.957510
66,2,1312,624,69,271,0.949719
66,3,496,663,50,124,0.609318
66,4,553,663,43,120,0.914124
66,5,512,676,50,130,0.895254
66,6,459,657,53,153,0.932130
66,7,1151,651,40,142,0.900023
66,8,1824,711,70,172,0.921812
66,10,1464,655,55,207,0.920884
66,11,1725,661,87,228,0.924707
66,13,1009,637,87,254,0.961024
66,14,1524,465,202,407,0.920831
66,15,359,654,54,149,0.956026
67,2,1315,623,67,272,0.952997
67,3,497,664,47,123,0.655177
67,4,554,662,43,122,0.899145
67,5,513,675,49,132,0.887379
67,6,459,657,55,153,0.936347
67,7,1151,651,40,143,0.895155
67,8,1816,711,76,173,0.914989
67,10,1461,656,57,207,0.915696
67,11,1724,662,82,225,0.919286
67,13,1010,637,89,256,0.961091
67,14,1622,675,68,168,0.785133
67,15,364,655,54,148,0.956618
68,2,1318,624,64,272,0.950687
68,3,498,665,35,122,0.687629
68,4,556,662,42,122,0.903799
68,5,513,674,49,133,0.889463
68,6,460,656,55,154,0.931007
68,7,1151,651,40,143,0.895657
68,8,1812,711,80,174,0.919692
68,10,1452,656,66,213,0.930278
68,11,1725,665,73,217,0.904618
68,13,1015,636,85,258,0.957816
68,14,1621,675,100,168,0.835833
68,15,368,654,53,149,0.949474
69,2,1320,624,63,273,0.952271
69,3,491,664,41,137,0.709399
69,4,556,664,43,120,0.899089
69,5,515,675,48,133,0.900021
69,6,461,658,54,151,0.921842
69,7,1151,652,40,143,0.898454
69,8,1808,714,84,172,0.912873
69,10,1436,657,82,211,0.919181
69,11,1725,678,61,201,0.906893
69,13,1021,636,82,259,0.958534
69,14,1638,677,81,165,0.812508
69,15,372,651,51,151,0.936937
70,2,1322,625,62,273,0.954487
70,3,503,663,29,121,0.724224
70,4,557,663,43,122,0.900933
70,5,515,675,49,134,0.899222
70,6,462,655,53,154,0.927476
70,7,1152,654,39,142,0.904584
70,8,1806,717,87,172,0.908176
70,10,1421,659,97,210,0.927035
70,11,1725,676,48,202,0.832953
70,13,1028,636,76,260,0.955910
70,14,1640,678,83,165,0.852315
70,15,375,651,50,151,0.937544
71,2,1323,624,62,274,0.956962
71,3,502,663,29,122,0.742191
71,4,557,665,44,120,0.897863
71,5,517,676,48,134,0.900140
71,6,463,654,52,155,0.923650
71,7,1152,654,39,142,0.906609
71,8,1804,719,89,170,0.920690
71,10,1413,661,105,207,0.932611
71,11,1725,675,36,201,0.748115
71,13,1035,636,70,260,0.962595
71,14,1642,652,84,192,0.873701
71,15,378,652,50,153,0.934172
72,2,1325,623,63,275,0.958882
72,3,499,663,30,132,0.722667
72,4,558,668,43,119,0.897962
72,5,517,678,48,133,0.898585
72,6,464,656,52,155,0.918324
72,7,1152,653,40,143,0.901272
72,8,1804,718,89,170,0.921788
72,10,1406,662,111,205,0.928205
72,11,1725,656,22,218,0.580500
72,13,1039,636,70,260,0.965775
72,14,1643,653,86,200,0.859587
72,15,380,652,52,157,0.939499
73,2,1325,623,70,276,0.959669
73,3,502,662,26,123,0.679468
73,4,559,668,43,120,0.894849
73,5,517,679,50,133,0.897469
73,6,465,657,53,154,0.913328
73,7,1152,653,40,143,0.900765
73,8,1804,718,87,171,0.923484
73,10,1404,663,111,204,0.925188
73,11,1697,653,70,216,0.568333
73,13,1042,636,72,260,0.966065
73,14,1644,649,87,194,0.872222
73,15,380,658,58,153,0.942452
74,2,1326,624,72,276,0.960327
74,3,502,661,26,135,0.595350
74,4,560,667,43,121,0.903193
74,5,519,679,48,133,0.901866
74,6,466,658,54,154,0.904383
74,7,1152,652,40,145,0.897610
74,8,1803,719,86,171,0.915947
74,10,1403,666,113,203,0.932955
74,11,1645,645,141,259,0.655524
74,13,1047,637,73,260,0.961695
74,14,1645,647,86,205,0.859025
74,15,379,659,62,152,0.942389
75,2,1326,625,72,276,0.960191
75,3,498,662,31,135,0.395509
75,4,561,668,42,121,0.901569
75,5,519,680,49,133,0.902203
75,6,466,660,54,153,0.907969
75,7,1151,655,41,143,0.897694
75,8,1803,719,85,172,0.908244
75,10,1404,667,112,202,0.932777
75,11,1644,646,135,248,0.763878
75,13,1050,638,75,260,0.963469
75,14,1643,641,88,219,0.843652
75,15,380,659,65,152,0.941778
76,2,1326,626,72,275,0.957121
76,3,467,661,57,153,0.790932
76,4,562,668,42,122,0.908208
76,5,519,680,50,133,0.913913
76,6,466,660,55,155,0.912607
76,7,1152,656,40,143,0.903450
76,8,1803,720,80,169,0.901106
76,10,1403,669,110,201,0.927770
76,11,1644,646,131,247,0.847933
76,12,1847,645,73,228,0.891103
76,13,1055,640,74,259,0.961843
76,14,1645,639,87,222,0.545699
76,15,381,660,67,153,0.946075
77,2,1326,627,72,275,0.958071
77,3,476,663,46,139,0.562684
77,4,562,669,41,122,0.907829
77,5,520,680,49,134,0.918275
77,6,466,662,55,154,0.915699
77,7,1151,656,41,143,0.900718
77,8,1802,720,73,167,0.901207
77,10,1403,668,105,202,0.920288
77,11,1644,650,89,232,0.915177
77,12,1844,646,76,227,0.904479
77,13,1059,640,86,261,0.960736
77,14,1645,641,86,220,0.543179
77,15,386,661,67,153,0.948493
78,2,1326,628,71,274,0.956813
78,3,469,663,53,140,0.822235
78,4,563,669,41,123,0.915497
78,5,521,681,48,135,0.922748
78,6,466,663,56,154,0.910988
78,7,1151,657,41,143,0.896799
78,8,1795,721,71,166,0.898726
78,10,1402,666,96,205,0.918321
78,11,1644,662,88,220,0.937514
78,12,1839,648,81,225,0.920037
78,13,1063,641,95,261,0.963121
78,14,1681,657,77,187,0.675745
78,15,393,660,63,155,0.941846
79,2,1325,628,71,275,0.950945
79,3,469,664,54,142,0.906031
79,4,563,670,41,122,0.914940
79,5,522,681,48,135,0.927772
79,6,467,664,55,154,0.920058
79,7,1150,657,42,143,0.895861
79,8,1780,721,78,166,0.908033
79,10,1402,666,87,205,0.902172
79,11,1643,664,89,219,0.932398
79,12,1835,650,85,224,0.921865
79,13,1062,642,104,261,0.962686
79,14,1721,684,33,162,0.728075
79,15,401,657,60,160,0.946647
80,2,1325,628,72,276,0.949328
80,3,469,665,54,143,0.906494
80,4,563,670,42,122,0.919274
80,5,521,681,49,136,0.932782
80,6,467,665,56,155,0.927535
80,7,1149,658,42,143,0.888577
80,8,1777,720,73,168,0.907470
80,10,1401,666,77,206,0.917400
80,11,1641,662,91,221,0.937086
80,12,1833,652,87,222,0.902838
80,13,1063,643,108,261,0.961971
80,14,1721,681,31,166,0.690917
80,15,408,655,57,165,0.938155
81,2,1326,629,70,276,0.947326
81,3,472,665,51,142,0.910982
81,4,564,671,41,122,0.915034
81,5,521,683,48,135,0.936593
81,6,469,665,55,156,0.930122
81,7,1148,658,43,144,0.889602
81,8,1773,721,68,169,0.918388
81,10,1392,666,75,206,0.891365
81,11,1641,659,90,225,0.931863
81,12,1827,655,82,208,0.827946
81,13,1063,648,112,260,0.960621
81,14,1721,660,27,188,0.750341
81,15,411,657,59,166,0.946045
82,2,1328,630,67,276,0.947434
82,3,472,665,51,143,0.896977
82,4,563,671,42,123,0.912138
82,5,521,684,48,135,0.935885
82,6,470,666,54,156,0.932226
82,7,1148,660,42,143,0.881812
82,8,1784,722,50,170,0.916214
82,10,1388,666,69,207,0.907811
82,11,1639,658,91,227,0.955336
82,12,1813,654,83,211,0.772218
82,13,1063,647,111,262,0.962173
82,14,1721,657,29,191,0.878467
82,15,414,659,60,166,0.940936
83,2,1330,631,64,275,0.945258
83,3,473,667,50,147,0.911432
83,4,564,672,42,123,0.894864
83,5,521,685,49,136,0.931658
83,6,471,667,53,155,0.926842
83,7,1146,660,43,144,0.880088
83,8,1783,722,50,170,0.935698
83,10,1387,667,72,206,0.883401
83,11,1638,659,91,227,0.958113
83,12,1803,654,102,214,0.751234
83,13,1065,648,110,263,0.956771
83,14,1720,649,36,200,0.893382
83,15,419,661,58,166,0.939206
84,2,1331,632,62,275,0.943277
84,3,473,666,49,143,0.903195
84,4,564,673,42,123,0.876504
84,5,521,686,49,136,0.928881
84,6,472,666,52,157,0.929366
84,7,1144,660,45,144,0.880780
84,8,1771,723,59,169,0.927670
84,10,1384,668,75,207,0.875139
84,11,1637,665,91,221,0.958713
84,12,1794,656,109,219,0.857091
84,13,1068,650,107,262,0.955581
84,14,1720,651,42,199,0.910072
84,15,420,662,59,166,0.936434
85,2,1331,633,64,275,0.936094
85,3,473,666,49,143,0.878248
85,4,563,675,42,121,0.887864
85,5,520,687,50,138,0.928504
85,6,472,666,51,158,0.916194
85,7,1149,662,39,143,0.886647
85,8,1758,724,71,168,0.870921
85,10,1383,669,69,206,0.883428
85,11,1637,661,90,226,0.955707
85,12,1788,655,99,217,0.841479
85,13,1071,650,104,263,0.956373
85,14,1720,651,52,199,0.896784
85,15,421,666,60,164,0.927306
86,2,1330,633,66,276,0.937805
86,3,474,667,47,142,0.849588
86,4,563,675,42,123,0.896165
86,5,520,688,51,137,0.930860
86,6,475,667,48,158,0.907505
86,7,1149,663,38,143,0.848492
86,8,1758,726,72,167,0.861022
86,10,1379,671,68,205,0.890253
86,11,1635,662,91,226,0.956436
86,12,1785,653,94,219,0.846454
86,13,1076,648,98,266,0.954836
86,14,1720,654,58,197,0.890247
86,15,429,666,56,164,0.945649
87,2,1330,636,66,273,0.937024
87,3,479,666,41,144,0.895600
87,4,563,676,42,123,0.893000
87,5,520,689,55,137,0.924490
87,6,479,667,44,158,0.917653
87,7,1150,664,36,142,0.850236
87,8,1757,726,71,167,0.856330
87,10,1370,672,74,204,0.895370
87,11,1634,663,92,225,0.950887
87,12,1785,652,77,219,0.891161
87,13,1084,649,90,265,0.958422
87,14,1720,652,58,199,0.882729
87,15,430,668,59,162,0.934311
88,2,1330,635,67,274,0.936762
88,3,468,667,53,145,0.867958
88,4,563,677,43,123,0.894704
88,5,520,688,52,138,0.924487
88,6,482,667,42,158,0.905053
88,7,1151,663,39,143,0.829860
88,8,1749,726,78,167,0.900916
88,10,1368,672,76,205,0.879179
88,11,1633,675,92,213,0.940719
88,12,1779,654,71,219,0.800810
88,13,1092,648,81,267,0.956966
88,14,1721,652,55,200,0.871814
88,15,430,664,63,166,0.924385
89,2,1330,637,67,273,0.931706
89,3,475,662,41,151,0.536350
89,4,564,677,43,123,0.892857
89,5,520,687,50,140,0.918842
89,6,479,666,45,161,0.832787
89,7,1153,663,37,144,0.679565
89,8,1742,727,85,166,0.904581
89,10,1367,673,64,204,0.861186
89,11,1586,676,137,212,0.928060
89,12,1773,651,73,225,0.813095
89,13,1101,647,75,268,0.953117
89,14,1724,652,53,200,0.866604
89,15,430,662,69,168,0.900725
90,2,1330,636,66,274,0.923324
90,3,476,661,46,148,0.633515
90,4,564,678,44,122,0.894126
90,5,520,688,48,139,0.927374
90,6,473,662,53,167,0.679480
90,7,1134,650,56,157,0.466490
90,8,1736,728,90,165,0.904285
90,10,1367,675,58,202,0.856827
90,11,1633,691,89,197,0.925568
90,12,1765,655,77,222,0.602912
90,13,1113,647,70,268,0.950788
90,14,1726,657,67,194,0.781166
90,15,429,664,80,167,0.902104
91,2,1329,637,68,273,0.919922
91,3,468,662,49,142,0.549326
91,4,564,678,44,122,0.890877
91,5,520,687,48,139,0.930239
91,6,461,664,62,170,0.725782
91,7,1118,647,71,258,0.585159
91,8,1736,728,88,165,0.907643
91,10,1367,675,63,201,0.810191
91,11,1632,691,86,197,0.906337
91,12,1750,657,93,219,0.657009
91,13,1115,647,73,270,0.952446
91,14,1728,657,70,203,0.660513
91,15,430,670,82,165,0.918330
92,2,1328,638,69,272,0.907718
92,3,461,669,53,123,0.457251
92,4,563,677,46,123,0.892813
92,5,519,686,51,140,0.932868
92,6,468,665,56,171,0.653603
92,7,1126,649,71,147,0.717995
92,8,1735,729,86,164,0.893868
92,10,1368,672,57,204,0.785432
92,11,1582,692,135,197,0.897395
92,12,1754,655,81,221,0.881426
92,13,1119,647,78,273,0.950779
92,14,1752,654,82,219,0.846458
92,15,432,667,84,170,0.937499
93,2,1327,638,71,272,0.899704
93,3,444,666,79,170,0.600680
93,4,566,677,43,123,0.894802
93,5,520,687,51,138,0.925140
93,6,473,665,51,173,0.836796
93,7,1127,647,78,157,0.758888
93,8,1729,727,89,165,0.903303
93,10,1368,670,51,206,0.678034
93,11,1518,491,203,400,0.932592
93,12,1755,655,84,220,0.893272
93,13,1122,645,84,277,0.959010
93,14,1754,655,79,220,0.887312
93,15,436,665,87,174,0.934492
94,2,1301,637,100,273,0.890535
94,3,466,669,44,125,0.631155
94,4,566,675,44,125,0.900443
94,5,521,685,52,140,0.933152
94,6,470,671,60,166,0.864852
94,7,1128,646,49,158,0.782930
94,8,1725,727,83,164,0.899938
94,10,1372,672,42,203,0.587614
94,11,1518,491,202,400,0.938100
94,12,1753,658,78,216,0.867961
94,13,1126,645,86,277,0.957600
94,14,1752,657,79,217,0.837587
94,15,444,669,83,169,0.905568
95,2,1301,638,93,272,0.890571
95,3,463,669,47,121,0.766294
95,4,567,674,43,126,0.902525
95,5,522,685,53,140,0.920319
95,6,466,670,69,168,0.912909
95,7,1130,647,86,268,0.787005
95,8,1719,727,83,164,0.887399
95,10,1370,658,39,215,0.544337
95,11,1511,490,209,401,0.954305
95,12,1748,659,82,215,0.818275
95,13,1130,647,90,275,0.952652
95,14,1748,660,82,213,0.807026
95,15,455,672,79,167,0.901996
96,2,1301,639,94,271,0.871435
96,3,459,671,45,119,0.836006
96,4,567,673,43,127,0.900469
96,5,525,684,49,141,0.906270
96,6,468,671,69,167,0.879280
96,7,1135,652,50,156,0.614212
96,8,1717,729,76,162,0.886923
96,10,1327,640,77,267,0.573891
96,11,1554,692,104,197,0.828504
96,12,1735,659,94,214,0.844997
96,13,1131,650,98,272,0.946741
96,14,1742,659,87,214,0.847590
96,15,466,670,71,168,0.792262
97,2,1324,638,70,272,0.906955
97,3,458,669,51,120,0.827869
97,4,568,672,43,128,0.898769
97,5,529,671,46,155,0.894296
97,6,474,671,70,168,0.877542
97,7,1135,649,54,160,0.521993
97,8,1717,729,66,162,0.889377
97,10,1338,675,69,192,0.490922
97,11,1549,692,88,197,0.891665
97,12,1733,662,95,211,0.810829
97,13,1131,650,103,273,0.941222
97,14,1735,663,93,210,0.758287
97,15,472,669,78,171,0.915099
98,2,1321,638,71,272,0.904231
98,3,457,671,43,121,0.732963
98,4,569,672,45,128,0.896683
98,5,532,668,42,158,0.877218
98,6,468,668,62,171,0.775428
98,7,1135,650,56,159,0.371900
98,8,1717,727,60,165,0.878572
98,10,1327,639,66,270,0.695229
98,11,1548,692,88,197,0.930399
98,12,1720,662,102,211,0.773313
98,13,1133,649,104,275,0.940128
98,14,1779,658,62,214,0.754222
98,15,474,671,82,168,0.911898
99,2,1314,639,73,271,0.920243
99,3,458,670,35,120,0.721417
99,4,566,671,48,150,0.882002
99,5,529,664,45,163,0.770289
99,6,466,668,63,170,0.835809
99,7,1133,650,44,159,0.560699
99,8,1716,727,49,165,0.864939
99,10,1320,639,68,270,0.699100
99,11,1548,692,88,197,0.936950
99,12,1721,659,91,214,0.716260
99,13,1134,651,104,275,0.943374
99,14,1786,658,70,215,0.881417
99,15,475,671,86,167,0.819597
100,2,1315,638,70,272,0.915637
100,3,457,670,35,119,0.777073
100,4,566,672,47,141,0.906015
100,5,542,660,33,168,0.695790
100,6,467,666,52,155,0.900726
100,7,1132,653,43,148,0.730598
100,8,1714,727,46,164,0.873649
100,10,1325,639,62,270,0.694390
100,11,1547,692,88,197,0.935794
100,12,1718,657,87,215,0.722172
100,13,1137,651,101,276,0.945828
100,14,1788,658,80,210,0.879235
100,15,492,661,80,181,0.920193
101,2,1312,639,73,270,0.915323
101,3,455,670,31,120,0.801926
101,4,574,673,39,129,0.871795
101,5,523,662,59,180,0.739754
101,6,468,667,59,161,0.910665
101,7,1133,658,42,147,0.782674
101,8,1714,727,46,164,0.889470
101,10,1315,667,71,198,0.490039
101,11,1545,692,90,197,0.930834
101,12,1713,656,85,212,0.761227
101,13,1142,650,96,277,0.948673
101,14,1793,659,87,206,0.918442
101,15,498,662,83,182,0.884014
102,2,1311,639,75,270,0.899267
102,3,453,670,32,120,0.842028
102,4,563,664,51,140,0.812051
102,5,524,671,61,173,0.826764
102,6,471,665,57,165,0.904101
102,7,1139,663,34,143,0.870117
102,8,1713,727,61,163,0.891358
102,10,1310,641,76,265,0.466547
102,11,1544,691,89,198,0.935010
102,12,1711,656,79,210,0.781355
102,13,1148,650,92,277,0.956539
102,14,1793,659,90,206,0.917911
102,15,511,663,78,183,0.892505
103,2,1315,639,71,270,0.896099
103,3,452,670,32,120,0.842283
103,4,574,666,41,137,0.795733
103,5,521,678,54,148,0.342723
103,6,472,667,55,163,0.906732
103,7,1138,664,34,142,0.904886
103,8,1711,728,47,162,0.873230
103,10,1300,666,86,198,0.494996
103,11,1543,691,90,198,0.937497
103,12,1709,656,69,208,0.777209
103,13,1158,650,83,277,0.960037
103,14,1788,659,93,200,0.906418
103,15,521,668,75,179,0.882903
104,2,1322,639,63,270,0.919300
104,3,450,671,33,119,0.862095
104,4,580,667,36,137,0.598891
104,5,528,686,47,140,0.575476
104,6,472,667,56,163,0.916973
104,7,1138,663,37,143,0.891958
104,8,1710,730,47,160,0.872860
104,10,1292,668,72,196,0.406322
104,11,1541,691,91,198,0.915455
104,12,1708,655,61,206,0.720419
104,13,1167,649,76,278,0.962494
104,14,1788,654,89,205,0.880036
104,15,533,672,71,176,0.874393
105,2,1321,639,64,270,0.923652
105,3,449,671,34,119,0.864581
105,4,550,668,62,161,0.878915
105,5,527,689,44,137,0.898759
105,6,472,667,56,163,0.919523
105,7,1137,664,41,142,0.899671
105,8,1709,730,47,159,0.855464
105,10,1283,669,86,190,0.508447
105,11,1511,691,119,198,0.873235
105,12,1708,656,52,209,0.727642
105,13,1176,649,71,278,0.964169
105,14,1795,650,114,215,0.844422
105,15,549,668,63,180,0.945723
106,2,1319,638,65,272,0.922163
106,3,448,674,35,115,0.877366
106,4,568,665,51,152,0.773514
106,5,528,689,44,136,0.904235
106,6,473,665,55,165,0.923389
106,7,1137,663,43,143,0.897558
106,8,1708,731,47,158,0.846252
106,9,1841,675,79,236,0.779321
106,10,1280,661,100,202,0.443577
106,11,1506,691,122,198,0.897093
106,12,1706,631,100,233,0.648728
106,13,1180,648,75,279,0.964593
106,14,1802,649,111,223,0.621942
106,15,550,664,69,184,0.947486
107,2,1316,638,68,272,0.929923
107,3,446,674,37,115,0.901983
107,4,557,663,70,172,0.763996
107,5,528,687,51,138,0.912824
107,6,473,666,55,165,0.926179
107,7,1128,663,50,143,0.890188
107,8,1708,736,45,153,0.832873
107,9,1824,679,96,233,0.812291
107,10,1277,670,95,187,0.636066
107,11,1502,690,124,199,0.924792
107,12,1706,636,98,214,0.639220
107,13,1185,646,76,281,0.962104
107,15,551,662,77,185,0.928358
108,2,1313,639,69,271,0.938742
108,3,445,673,37,116,0.915806
108,4,575,675,32,128,0.623233
108,5,528,687,55,139,0.924875
108,6,474,665,55,167,0.930892
108,7,1128,663,49,143,0.887476
108,8,1707,751,44,137,0.821448
108,9,1817,676,92,237,0.866185
108,10,1276,669,94,189,0.749966
108,11,1500,690,125,199,0.935641
108,12,1705,636,62,218,0.688125
108,13,1190,646,77,281,0.965320
108,15,557,659,83,187,0.914658
109,2,1311,640,69,270,0.943902
109,3,444,675,37,114,0.924557
109,4,566,674,44,135,0.662979
109,5,528,687,55,139,0.921306
109,6,473,665,56,167,0.930901
109,7,1127,664,49,142,0.882356
109,8,1706,749,39,138,0.751434
109,9,1811,674,90,238,0.856300
109,10,1277,670,53,187,0.791820
109,11,1498,490,129,400,0.937888
109,12,1704,629,70,228,0.596740
109,13,1194,647,85,280,0.964914
109,15,559,658,91,187,0.879347
110,2,1309,639,70,272,0.947208
110,3,443,674,38,115,0.931942
110,4,576,674,36,115,0.848807
110,5,529,687,54,140,0.931655
110,6,472,665,59,168,0.936956
110,7,1127,664,49,142,0.876656
110,8,1706,731,31,153,0.810490
110,9,1795,675,104,237,0.855310
110,10,1278,671,47,186,0.827441
110,11,1498,491,126,398,0.887587
110,12,1703,618,65,247,0.617414
110,13,1196,649,100,279,0.964791
110,15,586,658,74,189,0.839959
111,2,1308,639,71,272,0.949111
111,3,442,674,37,115,0.926993
111,4,578,674,37,125,0.878765
111,5,530,687,54,142,0.935872
111,6,475,666,57,167,0.940091
111,7,1127,664,49,142,0.880041
111,8,1705,726,31,157,0.818402
111,9,1787,677,111,235,0.815287
111,10,1281,671,42,185,0.842903
111,11,1498,491,121,398,0.827024
111,12,1703,615,41,267,0.711316
111,13,1196,649,116,279,0.954479
111,15,585,660,87,191,0.865846
112,2,1306,639,73,272,0.946786
112,3,441,673,37,115,0.930685
112,4,577,674,39,120,0.890377
112,5,531,687,54,142,0.936374
112,6,475,667,58,166,0.939403
112,7,1127,664,49,142,0.878900
112,8,1705,726,31,155,0.798806
112,9,1780,678,118,233,0.848881
112,10,1275,670,46,186,0.832056
112,11,1497,660,107,229,0.792241
112,12,1702,609,42,269,0.754138
112,13,1197,649,127,279,0.955953
112,15,592,663,89,188,0.907117
113,2,1307,638,72,274,0.950040
113,3,441,673,35,116,0.930228
113,4,579,674,38,131,0.877520
113,5,532,687,54,143,0.934151
113,6,475,668,59,166,0.940327
113,7,1127,663,49,143,0.885381
113,8,1703,725,34,143,0.724780
113,9,1776,686,123,226,0.892600
113,10,1271,670,84,187,0.860061
113,11,1497,491,105,397,0.774570
113,12,1703,614,42,252,0.770884
113,13,1198,649,129,281,0.958284
113,15,594,665,98,188,0.912918
114,2,1305,639,74,274,0.948152
114,3,439,673,37,116,0.932092
114,4,578,674,39,129,0.881884
114,5,533,687,54,145,0.935255
114,6,476,666,59,168,0.940343
114,7,1127,663,49,143,0.878705
114,8,1699,710,37,154,0.738130
114,9,1775,688,124,224,0.926773
114,10,1274,669,81,187,0.829663
114,11,1494,695,41,182,0.669392
114,12,1703,614,34,250,0.793293
114,13,1198,649,128,282,0.959354
114,15,609,666,92,187,0.924962
115,2,1307,638,72,275,0.945996
115,3,439,673,36,115,0.929447
115,4,579,674,38,131,0.900381
115,5,534,687,53,145,0.932220
115,6,478,668,58,166,0.940256
115,7,1127,663,48,143,0.882410
115,8,1675,710,58,154,0.652515
115,9,1774,685,124,227,0.903837
115,10,1273,669,45,183,0.825698
115,11,1488,690,18,187,0.455337
115,12,1703,615,33,248,0.809428
115,13,1200,650,129,283,0.957323
115,15,629,665,83,188,0.918856
116,2,1306,638,72,275,0.938486
116,3,438,673,37,115,0.928057
116,4,579,674,39,131,0.904274
116,5,534,687,53,145,0.932154
116,6,479,667,59,167,0.939882
116,7,1128,663,47,143,0.878808
116,8,1659,706,62,172,0.467523
116,9,1773,685,124,226,0.906214
116,10,1275,665,42,164,0.775718
116,11,1465,676,73,201,0.615387
116,12,1702,615,32,248,0.755828
116,13,1202,649,127,284,0.957929
116,15,645,663,79,189,0.916046
117,2,1305,636,73,277,0.933219
117,3,438,671,36,116,0.929717
117,4,578,674,41,131,0.906583
117,5,536,686,52,146,0.931895
117,6,481,664,59,169,0.940894
117,7,1128,663,47,142,0.881355
117,8,1645,698,67,190,0.714934
117,9,1773,685,123,225,0.880427
117,10,1279,666,53,179,0.617923
117,11,1465,699,41,178,0.550584
117,12,1701,616,45,246,0.818380
117,13,1206,649,123,284,0.947360
117,15,649,658,85,194,0.924916
118,2,1303,635,75,278,0.946608
118,3,437,671,36,116,0.932694
118,4,578,674,42,131,0.910064
118,5,537,687,52,145,0.934694
118,6,482,664,59,169,0.941928
118,7,1128,663,48,142,0.879348
118,8,1654,703,62,175,0.656033
118,9,1771,689,123,220,0.891225
118,10,1231,647,109,284,0.490760
118,11,1458,688,48,188,0.600800
118,12,1702,617,21,245,0.467355
118,13,1213,647,116,286,0.960933
118,15,654,654,92,197,0.922554
119,2,1306,635,73,278,0.939426
119,3,436,672,36,115,0.930355
119,4,579,673,41,133,0.902200
119,5,538,686,52,146,0.936826
119,6,483,662,59,171,0.938140
119,7,1128,663,48,142,0.875843
119,8,1645,697,67,190,0.812397
119,9,1771,682,118,226,0.871765
119,10,1225,649,109,282,0.642080
119,11,1456,690,49,178,0.776994
119,12,1698,642,47,201,0.445527
119,13,1221,649,108,284,0.957085
119,15,665,653,93,199,0.918953
120,2,1306,636,73,277,0.935464
120,3,436,672,36,113,0.931059
120,4,581,673,41,132,0.902663
120,5,540,687,51,144,0.937569
120,6,484,661,60,171,0.936059
120,7,1128,662,48,143,0.876196
120,8,1636,697,75,190,0.832748
120,9,1765,683,120,222,0.898861
120,10,1253,651,78,250,0.756746
120,11,1451,688,50,181,0.813322
120,12,1618,483,92,402,0.904339
120,13,1232,648,97,285,0.951199
120,15,673,653,95,201,0.936832
121,2,1304,638,75,274,0.928165
121,3,435,672,36,113,0.932160
121,4,583,672,40,133,0.904700
121,5,541,686,51,146,0.938209
121,6,484,661,61,171,0.938348
121,7,1134,662,42,143,0.886114
121,8,1630,697,81,190,0.867868
121,9,1758,684,118,221,0.894862
121,10,1254,646,71,203,0.674903
121,11,1448,672,56,196,0.815091
121,12,1586,482,124,404,0.922180
121,13,1243,645,87,288,0.948995
121,15,684,655,95,200,0.942222
122,2,1286,638,93,274,0.905464
122,3,435,671,35,114,0.934643
122,4,583,671,41,134,0.903664
122,5,542,686,51,145,0.939062
122,6,485,661,61,171,0.940804
122,7,1134,662,42,143,0.889718
122,8,1628,696,83,192,0.922534
122,9,1773,683,96,220,0.904642
122,10,1232,661,53,191,0.582234
122,11,1446,670,58,198,0.819557
122,12,1615,457,95,429,0.938220
122,13,1255,645,75,288,0.935455
122,15,700,659,89,198,0.935156
123,2,1307,639,72,273,0.885191
123,3,434,672,35,112,0.931689
123,4,584,670,41,135,0.901581
123,5,542,683,52,148,0.939801
123,6,485,661,63,173,0.944771
123,7,1134,662,42,143,0.890750
123,8,1626,696,85,192,0.936037
123,9,1761,680,97,224,0.916932
123,10,1241,670,46,182,0.734910
123,11,1443,670,61,198,0.844252
123,12,1624,645,85,200,0.848823
123,13,1267,647,70,287,0.925253
123,15,719,661,82,196,0.929034
124,2,1278,639,101,273,0.741163
124,3,433,672,36,112,0.931265
124,4,585,669,41,136,0.896120
124,5,543,684,52,147,0.938904
124,6,486,662,64,173,0.946673
124,7,1134,663,42,142,0.892881
124,8,1626,697,84,190,0.936317
124,9,1750,678,99,226,0.901189
124,10,1237,673,50,178,0.849818
124,11,1442,670,58,197,0.862885
124,12,1623,645,86,196,0.851260
124,13,1273,646,73,291,0.942120
124,15,738,661,76,196,0.930189
125,2,1277,645,100,295,0.891561
125,3,432,671,36,113,0.927292
125,4,587,669,40,137,0.893148
125,5,543,684,53,147,0.931960
125,6,487,663,62,173,0.943048
125,7,1134,663,41,142,0.899301
125,8,1626,697,83,190,0.930941
125,9,1750,679,87,225,0.898215
125,10,1237,675,59,178,0.888938
125,11,1440,672,60,191,0.878685
125,12,1623,645,86,198,0.850507
125,13,1278,647,75,294,0.949707
125,15,755,662,70,195,0.936544
126,2,1283,643,95,297,0.756820
126,3,432,672,35,112,0.922528
126,4,587,668,41,138,0.892097
126,5,543,683,54,148,0.923806
126,6,488,663,62,173,0.944005
126,7,1134,663,41,142,0.903307
126,8,1625,697,83,189,0.917837
126,9,1735,680,88,224,0.876439
126,10,1238,674,60,179,0.911595
126,11,1436,674,64,188,0.894837
126,12,1623,647,85,196,0.867955
126,13,1283,646,82,296,0.934505
126,15,756,659,81,198,0.927754
127,2,1285,640,98,303,0.929188
127,3,431,672,36,112,0.913711
127,4,589,668,41,138,0.884310
127,5,545,684,53,148,0.922804
127,6,489,663,62,173,0.942738
127,7,1135,663,41,142,0.903219
127,8,1625,697,82,182,0.900763
127,9,1733,679,88,225,0.890442
127,10,1236,673,62,181,0.921689
127,11,1435,675,66,188,0.914937
127,12,1622,648,85,195,0.882079
127,13,1286,641,98,302,0.936267
127,15,760,656,92,201,0.933800
128,2,1289,639,105,300,0.914240
128,3,430,672,36,113,0.910439
128,4,590,668,41,139,0.884006
128,5,546,686,54,147,0.919459
128,6,490,664,62,174,0.937828
128,7,1135,663,41,143,0.898991
128,8,1625,698,77,181,0.845492
128,9,1734,681,82,224,0.893414
128,10,1234,672,63,182,0.921817
128,11,1435,675,66,188,0.924376
128,12,1622,650,85,194,0.879568
128,13,1288,640,109,303,0.929246
128,15,767,655,100,202,0.939978
129,2,1291,645,108,296,0.703127
129,3,428,673,36,112,0.911607
129,4,590,668,42,139,0.892332
129,5,547,687,54,147,0.920237
129,6,491,664,61,174,0.936375
129,7,1135,664,41,142,0.904080
129,8,1625,699,75,180,0.799235
129,9,1730,684,85,221,0.905125
129,10,1232,669,64,185,0.920291
129,11,1435,675,66,188,0.927389
129,12,1586,655,119,189,0.855931
129,13,1289,648,114,296,0.924532
129,15,774,655,113,200,0.893230
130,2,1285,637,72,276,0.635613
130,3,427,672,36,112,0.906655
130,4,592,669,41,139,0.894432
130,5,549,687,54,148,0.918161
130,6,493,664,61,174,0.932748
130,7,1135,664,42,142,0.901291
130,8,1615,533,93,356,0.935566
130,9,1733,688,82,217,0.903067
130,10,1229,668,63,185,0.921770
130,11,1432,675,68,192,0.927597
130,12,1584,691,119,152,0.789957
130,13,1290,653,118,292,0.926322
130,15,785,657,114,202,0.931587
131,2,1284,637,75,271,0.793695
131,3,427,672,35,113,0.904595
131,4,594,669,40,139,0.893281
131,5,550,686,56,150,0.916557
131,6,494,664,61,175,0.929764
131,7,1135,664,42,142,0.898935
131,8,1625,700,63,178,0.693941
131,9,1737,688,79,217,0.906341
131,10,1226,667,64,180,0.916469
131,11,1431,675,71,193,0.931594
131,12,1585,692,117,151,0.651013
131,13,1292,654,117,294,0.932903
131,15,798,660,109,201,0.942122
132,2,1284,638,75,270,0.892561
132,3,426,672,35,113,0.902391
132,4,595,670,40,140,0.884896
132,5,551,686,55,151,0.918060
132,6,495,665,62,175,0.935141
132,7,1136,664,41,143,0.892013
132,8,1608,550,101,340,0.876818
132,9,1728,684,88,222,0.894183
132,10,1224,668,62,180,0.926035
132,11,1428,675,74,192,0.941182
132,12,1548,432,161,457,0.817499
132,13,1296,654,114,296,0.944715
132,15,815,664,97,200,0.932594
133,2,1284,638,75,271,0.908094
133,3,425,673,35,113,0.900056
133,4,596,670,39,141,0.880245
133,5,553,687,54,151,0.913963
133,6,496,664,63,177,0.934710
133,7,1136,664,42,143,0.895239
133,8,1607,550,101,340,0.847920
133,9,1720,685,96,221,0.889722
133,10,1222,668,64,180,0.930024
133,11,1427,674,71,190,0.941657
133,12,1511,483,197,406,0.735933
133,13,1301,651,109,299,0.945321
133,15,836,666,91,198,0.945687
134,2,1283,638,78,272,0.905069
134,3,424,673,35,113,0.899018
134,4,598,670,38,141,0.878807
134,5,557,684,52,154,0.916739
134,6,498,665,63,176,0.932352
134,7,1136,664,42,143,0.882911
134,8,1624,709,34,168,0.693842
134,9,1718,688,99,217,0.879300
134,10,1221,667,63,181,0.922434
134,11,1424,673,66,191,0.943591
134,12,1510,449,197,439,0.733999
134,13,1310,651,101,299,0.947184
134,15,861,665,80,199,0.947482
135,2,1283,638,81,275,0.913092
135,3,424,672,35,113,0.899266
135,4,600,671,37,140,0.878214
135,5,560,684,52,154,0.918641
135,6,499,666,65,175,0.936071
135,7,1136,664,42,143,0.879474
135,8,1622,702,32,175,0.698634
135,9,1714,698,103,207,0.875879
135,10,1219,666,66,181,0.920261
135,11,1422,672,60,192,0.942166
135,12,1567,654,64,188,0.507673
135,13,1321,651,91,299,0.947546
135,15,879,661,72,203,0.954299
136,2,1283,638,76,276,0.928253
136,3,425,672,34,113,0.908903
136,4,602,671,37,140,0.880278
136,5,561,687,53,151,0.919283
136,6,501,665,64,176,0.952103
136,7,1132,663,47,144,0.884358
136,8,1613,718,23,159,0.742896
136,9,1720,689,98,216,0.878706
136,10,1219,665,68,183,0.924496
136,11,1421,671,59,193,0.945172
136,12,1556,646,76,197,0.642129
136,13,1334,651,82,300,0.952852
136,15,882,659,86,205,0.946565
137,2,1279,638,83,276,0.926313
137,3,424,672,34,112,0.911820
137,4,606,673,34,139,0.872083
137,5,562,685,54,154,0.919378
137,6,502,665,64,176,0.951563
137,7,1133,664,46,143,0.883617
137,8,1511,567,187,324,0.749101
137,9,1728,687,91,218,0.912676
137,10,1218,665,69,183,0.912845
137,11,1420,671,61,193,0.941851
137,12,1557,643,75,200,0.710810
137,13,1347,651,75,300,0.958656
137,15,889,655,94,210,0.953655
138,2,1277,638,87,277,0.936134
138,3,424,672,33,112,0.914501
138,4,608,673,33,138,0.873510
138,5,564,683,55,156,0.925884
138,6,504,664,65,177,0.942457
138,7,1130,664,50,143,0.873101
138,8,1584,702,51,176,0.747905
138,9,1729,686,88,218,0.915713
138,10,1216,666,71,182,0.908199
138,11,1418,671,66,193,0.947795
138,12,1552,643,80,201,0.784254
138,13,1353,650,81,301,0.967317
138,15,902,653,102,212,0.946558
139,2,1276,638,98,281,0.939856
139,3,423,672,34,112,0.924054
139,4,609,672,34,138,0.891108
139,5,566,681,54,158,0.930235
139,6,506,663,65,178,0.942752
139,7,1132,663,49,144,0.870763
139,8,1583,698,52,179,0.763538
139,9,1726,682,87,221,0.906127
139,10,1203,665,83,183,0.899821
139,11,1419,671,66,193,0.936180
139,12,1549,643,83,200,0.793019
139,13,1360,650,82,301,0.961915
139,15,911,652,98,211,0.900335
140,2,1275,638,100,281,0.939162
140,3,422,673,34,111,0.925716
140,4,610,671,34,140,0.892219
140,5,568,679,53,160,0.933297
140,6,509,664,63,177,0.939375
140,7,1132,664,49,144,0.876958
140,8,1577,697,57,179,0.705717
140,9,1723,679,86,222,0.894082
140,10,1210,667,72,181,0.918845
140,11,1419,671,67,193,0.927753
140,12,1508,449,186,440,0.931557
140,13,1365,649,86,302,0.961416
140,15,925,651,110,216,0.933379
141,2,1276,638,99,283,0.936950
141,3,420,672,35,112,0.923844
141,4,609,671,37,140,0.896010
141,5,569,680,53,159,0.938402
141,6,511,664,62,177,0.937801
141,7,1132,664,50,144,0.878211
141,8,1510,567,182,324,0.905242
141,9,1718,678,82,222,0.895832
141,10,1207,671,74,178,0.922596
141,11,1418,673,56,191,0.682042
141,12,1546,643,86,199,0.872613
141,13,1371,647,91,305,0.955467
141,15,943,656,100,215,0.948936
142,2,1277,639,96,283,0.935371
142,3,419,672,36,113,0.913469
142,4,609,671,38,141,0.893020
142,5,570,679,54,161,0.937050
142,6,512,664,63,179,0.940116
142,7,1131,665,51,143,0.876794
142,8,1570,697,63,180,0.773378
142,9,1715,678,78,219,0.903377
142,10,1204,671,75,178,0.925726
142,11,1418,675,49,122,0.466935
142,12,1546,643,86,199,0.867903
142,13,1376,650,109,303,0.960235
142,15,964,660,84,212,0.940582
143,2,1277,639,94,284,0.941390
143,3,416,672,38,113,0.913176
143,4,608,672,40,140,0.885170
143,5,572,680,54,162,0.933597
143,6,514,667,63,177,0.941535
143,7,1131,665,51,144,0.873072
143,8,1566,696,67,180,0.821089
143,9,1715,675,70,220,0.898105
143,10,1203,672,75,177,0.933949
143,11,1383,651,77,216,0.611743
143,12,1545,643,86,198,0.833615
143,13,1376,649,128,305,0.951515
143,15,987,663,73,209,0.940190
144,2,1275,640,96,284,0.938424
144,3,417,674,36,112,0.907328
144,4,609,674,40,140,0.860396
144,5,573,681,55,162,0.918006
144,6,515,667,64,178,0.934550
144,7,1130,665,52,144,0.868655
144,8,1510,516,126,377,0.928857
144,9,1713,670,63,223,0.923716
144,10,1205,673,71,176,0.925249
144,11,1383,655,100,294,0.642811
144,12,1506,483,186,407,0.921731
144,13,1377,654,142,301,0.945506
144,15,1010,663,66,210,0.927002
145,2,1274,640,96,285,0.937391
145,3,416,673,35,113,0.913566
145,4,609,674,40,142,0.875193
145,5,573,682,57,162,0.921318
145,6,514,668,66,179,0.933679
145,7,1130,666,52,143,0.864669
145,8,1560,697,72,171,0.869629
145,9,1712,676,54,216,0.927768
145,10,1204,674,69,175,0.913566
145,11,1391,656,72,220,0.717071
145,12,1543,642,85,200,0.815580
145,13,1377,655,149,302,0.951702
145,15,1012,663,81,210,0.934953
146,2,1275,641,95,285,0.944287
146,3,416,675,33,112,0.915860
146,4,609,675,41,142,0.867452
146,5,574,684,56,161,0.920874
146,6,514,669,66,179,0.935637
146,7,1130,667,52,142,0.845158
146,8,1510,516,124,377,0.937629
146,9,1712,676,47,215,0.949695
146,10,1201,675,70,174,0.893332
146,11,1387,658,95,291,0.720497
146,12,1503,483,130,406,0.913739
146,13,1377,658,150,300,0.961640
146,15,1016,658,93,215,0.934597
147,2,1276,641,94,285,0.945318
147,3,415,677,32,110,0.914577
147,4,609,675,42,143,0.865447
147,5,575,686,55,160,0.921114
147,6,515,670,66,179,0.935457
147,7,1129,666,53,143,0.824143
147,8,1555,697,76,164,0.881873
147,10,1195,675,73,173,0.885260
147,11,1389,673,39,149,0.523325
147,12,1502,449,130,440,0.871856
147,13,1378,659,149,301,0.956851
147,15,1023,659,104,214,0.924116
148,2,1274,641,98,285,0.944491
148,3,414,677,32,111,0.911394
148,4,608,676,44,144,0.858663
148,5,576,686,54,161,0.920820
148,6,516,670,68,180,0.934237
148,7,1130,666,53,144,0.831857
148,8,1549,697,79,164,0.875188
148,10,1191,675,73,174,0.895118
148,11,1390,675,44,183,0.837272
148,12,1501,489,128,400,0.845654
148,13,1382,656,146,305,0.954631
148,15,1032,660,103,205,0.887829
149,2,1276,642,96,285,0.945422
149,3,411,677,33,111,0.907492
149,4,608,676,44,144,0.857378
149,5,577,686,52,162,0.921405
149,6,517,671,67,180,0.933568
149,7,1136,665,44,145,0.826759
149,8,1548,697,79,164,0.880870
149,10,1185,674,75,170,0.902699
149,11,1386,675,41,183,0.900265
149,12,1500,489,127,400,0.859159
149,13,1385,656,144,306,0.957920
149,15,1043,660,119,210,0.920580
150,2,1276,642,109,285,0.945876
150,3,408,678,34,110,0.903824
150,4,608,676,44,145,0.867614
150,5,579,686,51,162,0.919990
150,6,518,671,65,180,0.930286
150,7,1134,662,45,147,0.630346
150,8,1547,697,79,163,0.873480
150,10,1181,674,76,170,0.917979
150,11,1374,673,60,185,0.929177
150,12,1499,488,127,401,0.858794
150,13,1392,655,136,307,0.959074
150,15,1057,664,120,212,0.873301
151,2,1279,641,98,285,0.931779
151,3,407,678,33,110,0.909223
151,4,610,677,43,143,0.877739
151,5,579,686,52,162,0.923024
151,6,520,671,64,179,0.931661
151,7,1098,668,79,208,0.719562
151,8,1546,697,79,164,0.851248
151,10,1177,672,76,171,0.916116
151,11,1380,673,50,185,0.929218
151,12,1500,642,87,181,0.636253
151,13,1400,654,127,307,0.959012
151,15,1075,668,107,210,0.936361
152,2,1280,640,107,286,0.943134
152,3,406,677,33,111,0.925198
152,4,619,676,35,145,0.871747
152,5,580,687,51,161,0.921669
152,6,525,671,61,180,0.930085
152,7,1128,664,57,124,0.435062
152,8,1544,698,62,162,0.747035
152,10,1182,671,68,171,0.918709
152,11,1377,671,53,185,0.942350
152,12,1496,489,108,383,0.806483
152,13,1411,648,116,312,0.959142
152,15,1100,667,84,210,0.925971
153,2,1280,639,107,286,0.944252
153,3,404,677,33,110,0.931412
153,4,621,675,34,145,0.868863
153,5,581,685,51,163,0.918160
153,6,527,670,60,180,0.929229
153,7,1128,666,46,142,0.788075
153,8,1541,697,61,171,0.709837
153,10,1190,670,74,172,0.913648
153,11,1375,670,51,185,0.927352
153,12,1495,633,86,193,0.725378
153,13,1424,644,103,316,0.949702
153,15,1126,666,74,211,0.920795
154,2,1280,638,109,286,0.947065
154,3,401,677,33,109,0.928023
154,4,620,674,34,145,0.867691
154,5,583,685,50,163,0.913140
154,6,528,668,61,182,0.932813
154,7,1126,665,47,142,0.836596
154,8,1526,694,75,174,0.698327
154,10,1166,663,81,184,0.541481
154,11,1370,669,49,185,0.927617
154,12,1495,632,85,205,0.810094
154,13,1438,629,96,330,0.955214
154,15,1145,664,82,212,0.902707
155,2,1280,637,112,286,0.951162
155,3,399,676,33,110,0.935906
155,4,620,672,35,147,0.868838
155,5,582,682,51,165,0.917924
155,6,531,667,57,182,0.938366
155,7,1127,665,48,140,0.882372
155,8,1534,692,62,176,0.678024
155,10,1158,658,84,214,0.781238
155,11,1358,669,58,184,0.925905
155,12,1455,648,124,181,0.268380
155,13,1448,646,91,312,0.957167
155,15,1147,658,90,217,0.921561
156,2,1279,636,113,286,0.952548
156,3,396,675,34,110,0.947367
156,4,621,671,34,148,0.826917
156,5,582,682,52,165,0.910211
156,6,532,667,56,181,0.943586
156,7,1127,664,47,140,0.841274
156,8,1524,692,77,185,0.653614
156,10,1159,654,89,222,0.718578
156,11,1352,669,62,184,0.925815
156,12,1465,651,87,163,0.387437
156,13,1452,644,98,317,0.957475
156,15,1153,654,94,223,0.902862
157,2,1278,634,115,287,0.950863
157,3,394,674,34,110,0.948517
157,5,583,680,52,166,0.915448
157,6,533,666,57,182,0.951332
157,7,1127,663,46,141,0.814750
157,8,1526,689,77,196,0.551948
157,10,1176,651,83,208,0.594157
157,11,1351,668,61,183,0.917367
157,12,1465,643,97,176,0.737875
157,13,1458,642,102,322,0.964347
157,15,1162,650,116,225,0.910946
158,2,1278,633,114,287,0.943108
158,3,391,674,34,110,0.933869
158,5,583,680,52,166,0.902971
158,6,533,666,57,184,0.951937
158,7,1132,661,43,145,0.778757
158,8,1531,710,56,150,0.497393
158,10,1168,667,66,177,0.769492
158,11,1351,669,61,182,0.897181
158,12,1467,643,103,182,0.786353
158,13,1461,642,109,324,0.966809
158,15,1175,650,122,223,0.914588
159,2,1280,633,109,286,0.938008
159,3,388,673,36,110,0.915394
159,5,583,680,53,164,0.907759
159,6,534,665,57,184,0.949217
159,7,1132,660,43,149,0.786915
159,8,1502,697,75,137,0.389213
159,10,1165,668,64,168,0.854299
159,11,1351,667,60,183,0.879315
159,12,1469,643,106,186,0.770648
159,13,1467,643,111,324,0.967085
159,15,1192,650,112,226,0.897027
160,2,1280,633,98,286,0.939061
160,3,381,673,41,109,0.915712
160,5,584,681,53,163,0.908953
160,6,535,664,57,184,0.950788
160,7,1131,660,36,143,0.815304
160,8,1501,694,81,120,0.479630
160,10,1163,668,65,161,0.884244
160,11,1350,668,59,182,0.833719
160,12,1474,646,55,185,0.713616
160,13,1471,644,122,322,0.963175
160,15,1206,654,100,225,0.900108
161,2,1279,632,93,286,0.938551
161,3,377,672,44,110,0.913765
161,5,584,681,58,163,0.914592
161,6,535,664,58,183,0.954470
161,7,1130,661,37,144,0.794435
161,8,1495,693,89,133,0.489689
161,10,1163,669,60,166,0.921488
161,11,1351,668,57,181,0.847545
161,12,1473,646,62,186,0.651428
161,13,1473,644,128,322,0.961239
161,15,1229,659,81,220,0.864044
162,2,1277,631,95,287,0.935327
162,3,374,673,46,108,0.903536
162,5,587,682,55,162,0.911644
162,6,536,665,56,183,0.950438
162,7,1121,660,46,147,0.794425
162,8,1525,697,39,113,0.493705
162,10,1160,669,59,165,0.925664
162,11,1350,668,55,181,0.841081
162,12,1458,643,80,189,0.487395
162,13,1474,644,132,323,0.961193
162,15,1253,636,72,242,0.581060
163,2,1277,630,95,288,0.933352
163,3,372,672,47,109,0.895635
163,5,588,684,54,160,0.910623
163,6,537,665,58,182,0.942033
163,7,1120,659,45,146,0.779746
163,8,1495,693,73,141,0.727426
163,10,1156,667,62,166,0.925777
163,11,1344,667,56,180,0.845504
163,12,1451,647,83,182,0.694468
163,13,1476,642,131,327,0.967233
163,15,1277,630,92,285,0.768873
164,2,1277,629,96,286,0.930064
164,3,372,672,46,108,0.886738
164,5,589,685,55,159,0.905786
164,6,539,665,58,182,0.942726
164,7,1119,658,44,143,0.767651
164,8,1496,648,104,284,0.689137
164,10,1151,666,64,165,0.923090
164,11,1341,655,54,188,0.796752
164,12,1449,651,44,176,0.822628
164,13,1478,641,130,327,0.970619
164,15,1277,642,93,232,0.546465
165,2,1276,627,98,286,0.925202
165,3,372,673,45,108,0.902938
165,5,591,681,56,164,0.904670
165,6,540,665,58,183,0.941097
165,7,1119,656,44,144,0.754561
165,8,1502,688,64,141,0.668090
165,10,1150,664,62,165,0.924349
165,11,1345,651,42,216,0.769381
165,12,1447,647,45,178,0.849352
165,13,1483,637,125,328,0.969223
165,15,1315,650,73,219,0.709410
166,2,1274,626,94,286,0.938298
166,3,372,672,44,107,0.902050
166,5,592,680,56,163,0.916099
166,6,542,663,59,183,0.939925
166,7,1119,654,41,144,0.747258
166,8,1507,683,92,144,0.805675
166,10,1146,662,63,164,0.908455
166,11,1316,647,83,215,0.794333
166,12,1444,648,47,175,0.871238
166,13,1491,635,116,329,0.969812
166,15,1316,646,93,221,0.849709
167,2,1273,625,100,286,0.941731
167,3,371,672,44,106,0.893169
167,5,593,680,58,162,0.909875
167,6,543,661,59,185,0.940342
167,7,1119,653,39,144,0.729375
167,8,1495,682,102,160,0.685459
167,10,1141,660,68,163,0.928561
167,11,1319,655,80,204,0.589493
167,12,1443,647,48,175,0.876908
167,13,1502,633,105,331,0.970917
168,2,1273,623,102,287,0.949141
168,3,369,670,42,108,0.895030
168,5,594,676,59,166,0.907778
168,6,543,660,60,186,0.942210
168,7,1119,652,40,143,0.717618
168,8,1487,681,88,188,0.524228
168,10,1140,658,66,163,0.928283
168,11,1335,653,50,183,0.356184
168,12,1436,645,55,198,0.884913
168,13,1515,630,94,332,0.973189
169,2,1273,622,105,286,0.953158
169,3,369,669,38,109,0.905402
169,5,595,668,61,174,0.909451
169,6,543,660,61,185,0.943751
169,7,1118,651,41,143,0.695572
169,8,1486,676,58,193,0.678833
169,10,1136,656,68,163,0.916504
169,11,1284,659,98,173,0.712886
169,12,1438,642,53,199,0.889930
169,13,1526,628,89,332,0.975157
170,2,1271,621,107,286,0.956314
170,3,366,667,37,111,0.908750
170,5,596,664,61,178,0.919618
170,6,546,659,59,186,0.942142
170,7,1120,648,39,145,0.690802
170,8,1488,698,60,173,0.857783
170,10,1133,653,69,164,0.907966
170,11,1316,661,64,170,0.741365
170,12,1446,641,44,203,0.801362
170,13,1532,626,93,332,0.975782
171,2,1269,620,107,286,0.951167
171,3,364,666,35,110,0.892059
171,5,599,664,59,176,0.911516
171,6,548,658,58,185,0.943644
171,7,1118,649,38,143,0.650241
171,8,1483,693,68,175,0.790458
171,10,1132,653,66,164,0.914270
171,11,1283,658,95,173,0.656244
171,12,1400,644,89,219,0.616116
171,13,1538,625,97,332,0.975470
172,2,1269,620,104,285,0.946563
172,3,363,664,31,111,0.895025
172,5,600,663,59,176,0.909821
172,6,549,656,56,187,0.945272
172,7,1113,650,49,163,0.524123
172,8,1471,704,78,144,0.399010
172,10,1128,652,65,164,0.893198
172,11,1315,677,55,154,0.518217
172,12,1417,648,68,213,0.524563
172,13,1544,624,99,332,0.972779
173,2,1268,620,102,285,0.944917
173,3,359,664,34,111,0.903024
173,5,601,662,60,176,0.907875
173,6,550,656,57,186,0.953609
173,7,1124,650,59,164,0.793293
173,8,1472,672,80,188,0.366671
173,10,1126,651,63,165,0.893922
173,11,1315,672,56,158,0.501121
173,12,1426,640,60,216,0.595680
173,13,1550,624,106,332,0.971653
174,2,1266,620,95,283,0.941883
174,3,358,664,33,110,0.898938
174,5,602,664,58,173,0.907214
174,6,551,655,57,187,0.951187
174,7,1123,650,59,165,0.889437
174,8,1465,701,63,153,0.488286
174,10,1124,650,61,165,0.911402
174,11,1316,660,53,170,0.513070
174,12,1412,634,70,180,0.788985
174,13,1555,625,127,331,0.974618
175,2,1266,619,89,285,0.949312
175,3,355,662,32,111,0.912209
175,5,604,663,57,175,0.905121
175,6,553,654,56,187,0.941095
175,7,1117,650,62,165,0.901359
175,8,1448,698,38,157,0.629531
175,10,1117,650,64,165,0.911677
175,11,1329,684,26,145,0.534791
175,12,1404,635,71,180,0.831979
175,13,1555,626,151,330,0.975024
176,2,1266,619,87,285,0.951468
176,3,353,662,32,110,0.919373
176,5,606,663,58,175,0.903163
176,6,554,653,54,187,0.941450
176,7,1110,650,69,164,0.899583
176,8,1458,708,28,147,0.719730
176,10,1109,650,71,164,0.912292
176,11,1275,621,81,260,0.517401
176,12,1402,634,69,180,0.871810
176,13,1554,626,167,329,0.975380
177,2,1266,618,86,285,0.949387
177,3,347,662,34,110,0.915559
177,5,607,663,56,175,0.901512
177,6,555,653,54,186,0.943765
177,7,1106,648,70,165,0.884332
177,8,1460,707,26,148,0.826257
177,10,1105,649,71,165,0.906741
177,11,1277,656,77,170,0.531178
177,12,1403,634,65,180,0.864943
177,13,1555,626,174,331,0.975007
178,2,1265,618,84,285,0.950146
178,3,342,661,35,111,0.920100
178,5,608,663,58,174,0.876014
178,6,555,652,60,187,0.941918
178,7,1105,650,70,163,0.905053
178,8,1455,703,30,145,0.797022
178,10,1102,650,73,163,0.918841
178,11,1272,656,79,170,0.715513
178,12,1396,635,71,177,0.874241
178,13,1554,626,177,332,0.975223
179,2,1264,618,83,284,0.946230
179,3,339,662,37,109,0.920247
179,5,610,666,54,172,0.889798
179,6,557,652,57,187,0.936981
179,7,1105,648,69,164,0.901661
179,8,1452,700,32,143,0.863914
179,10,1102,649,72,164,0.917003
179,11,1270,655,80,175,0.781053
179,12,1385,634,74,178,0.883623
179,13,1555,626,178,334,0.973278
180,2,1262,618,85,284,0.944046
180,3,338,662,37,108,0.919842
180,5,611,663,56,175,0.780454
180,6,558,652,58,187,0.938617
180,7,1106,647,66,164,0.819227
180,8,1450,697,33,145,0.872976
180,10,1102,649,72,163,0.915060
180,11,1269,656,84,149,0.713725
180,12,1377,634,77,177,0.884773
180,13,1559,625,177,336,0.973279
181,2,1261,618,83,284,0.943067
181,3,337,661,38,108,0.922245
181,5,614,663,53,175,0.761749
181,6,559,653,60,187,0.939242
181,7,1105,648,67,163,0.908455
181,8,1449,696,34,146,0.893489
181,10,1101,649,71,163,0.920274
181,11,1268,657,79,160,0.759634
181,12,1373,635,82,176,0.877254
181,13,1564,625,172,337,0.972620
182,2,1258,618,83,285,0.943127
182,3,337,661,35,109,0.923084
182,5,613,664,54,174,0.799968
182,6,558,653,60,189,0.940312
182,7,1103,647,68,164,0.840620
182,8,1447,697,36,147,0.910872
182,10,1101,648,69,163,0.925246
182,11,1267,657,76,153,0.796313
182,12,1368,635,84,177,0.875246
182,13,1574,623,162,339,0.970953
183,2,1255,617,89,288,0.942121
183,3,336,661,33,108,0.922627
183,5,614,663,55,176,0.875817
183,6,558,652,63,190,0.945115
183,7,1121,643,54,144,0.589605
183,8,1445,697,38,147,0.920254
183,10,1098,649,69,162,0.902874
183,11,1263,656,78,120,0.783311
183,12,1368,636,85,176,0.877214
183,13,1585,622,152,340,0.969560
184,2,1253,617,91,289,0.945106
184,3,335,659,32,109,0.926035
184,5,617,664,55,174,0.893920
184,6,562,652,61,190,0.934684
184,7,1121,642,53,143,0.603961
184,8,1443,697,39,147,0.926786
184,10,1097,650,67,158,0.915405
184,11,1255,622,84,214,0.816976
184,12,1367,637,82,175,0.905897
184,13,1598,622,138,340,0.970853
185,2,1251,617,93,290,0.942482
185,3,334,659,31,108,0.928219
185,5,618,664,56,173,0.913574
185,6,562,652,61,190,0.932477
185,7,1120,642,50,142,0.601145
185,8,1438,696,43,147,0.932845
185,10,1094,649,63,158,0.915154
185,11,1264,656,60,162,0.622123
185,12,1367,639,79,172,0.906212
185,13,1614,621,122,341,0.967829
186,1,1795,580,125,500,0.971359
186,2,1248,617,97,290,0.943026
186,3,331,658,31,109,0.938601
186,5,620,664,56,173,0.917831
186,6,564,651,61,190,0.929812
186,7,1121,642,47,140,0.693801
186,8,1430,696,50,146,0.893999
186,10,1091,649,61,158,0.925393
186,11,1256,654,69,164,0.560381
186,12,1367,639,76,172,0.903591
186,13,1633,621,104,341,0.964440
187,1,1787,581,133,499,0.973478
187,2,1246,616,101,290,0.943073
187,3,328,658,33,109,0.938038
187,5,622,664,57,173,0.915492
187,6,567,650,59,191,0.927607
187,7,1124,643,43,157,0.681314
187,8,1425,695,55,145,0.877233
187,10,1090,648,59,159,0.915905
187,11,1247,618,94,280,0.564413
187,12,1367,638,71,170,0.885837
187,13,1647,621,90,341,0.960933
188,1,1780,581,140,499,0.969170
188,2,1246,616,101,290,0.944860
188,3,325,657,35,109,0.917283
188,5,623,656,56,180,0.917254
188,6,569,649,59,191,0.929474
188,7,1125,645,36,139,0.713663
188,8,1419,696,62,144,0.856559
188,10,1087,649,64,157,0.920965
188,11,1248,653,87,176,0.570110
188,12,1364,637,68,170,0.880409
188,13,1654,625,96,343,0.964063
189,1,1772,581,148,499,0.972917
189,2,1248,616,98,290,0.948097
189,3,322,657,37,109,0.912790
189,5,624,656,58,180,0.920349
189,6,569,648,61,191,0.933534
189,7,1125,645,35,139,0.727342
189,8,1416,698,64,142,0.865262
189,10,1085,649,63,157,0.918867
189,11,1247,617,93,284,0.521648
189,12,1359,636,71,170,0.866168
189,13,1661,627,103,345,0.966351
190,1,1763,581,157,499,0.973246
190,2,1249,615,97,291,0.947952
190,3,320,656,38,109,0.908350
190,5,626,656,58,179,0.916278
190,6,570,647,63,192,0.931827
190,7,1124,644,35,141,0.761747
190,8,1412,699,67,141,0.883775
190,10,1083,648,62,158,0.915094
190,11,1239,648,51,167,0.560631
190,12,1358,635,60,171,0.857908
190,13,1668,627,108,347,0.963500
191,1,1749,580,171,500,0.974908
191,2,1250,615,96,291,0.949385
191,3,317,655,39,109,0.920277
191,5,627,662,57,172,0.916430
191,6,571,646,64,193,0.929497
191,7,1123,644,35,141,0.781532
191,8,1408,699,71,142,0.888782
191,10,1081,649,65,156,0.913222
191,11,1233,649,56,165,0.568897
191,12,1355,634,63,172,0.859551
191,13,1675,628,111,341,0.954818
192,1,1737,578,183,502,0.975082
192,2,1250,614,97,291,0.948941
192,3,311,656,43,108,0.924403
192,5,628,656,59,178,0.908880
192,6,572,646,64,192,0.926557
192,7,1120,645,39,139,0.785013
192,8,1405,698,75,142,0.897106
192,10,1079,649,63,155,0.904561
192,11,1238,649,51,165,0.679842
192,12,1353,633,61,171,0.871788
192,13,1678,628,107,333,0.949355
193,1,1721,577,199,503,0.976416
193,2,1251,614,96,291,0.947031
193,3,305,656,47,108,0.926108
193,5,631,659,57,175,0.912917
193,6,573,645,64,194,0.932397
193,7,1119,644,40,140,0.794710
193,8,1406,696,74,144,0.910888
193,10,1078,650,56,154,0.907966
193,11,1232,649,48,164,0.748938
193,12,1353,630,59,174,0.882676
193,13,1678,628,100,333,0.944646
194,1,1705,575,215,505,0.969121
194,2,1259,613,88,292,0.947123
194,3,302,656,49,108,0.926109
194,5,632,658,59,176,0.911286
194,6,573,644,64,197,0.937693
194,7,1119,643,39,141,0.835561
194,8,1405,694,74,146,0.904661
194,10,1075,649,57,155,0.917520
194,11,1237,649,46,164,0.842203
194,12,1350,630,55,174,0.886845
194,13,1681,630,89,331,0.944187
195,1,1686,576,234,504,0.955028
195,2,1268,613,79,291,0.948013
195,3,300,656,51,107,0.933071
195,5,633,661,60,173,0.906445
195,6,575,645,63,197,0.940767
195,7,1120,643,38,141,0.801691
195,8,1403,694,72,146,0.871802
195,10,1073,650,58,153,0.921513
195,11,1235,647,48,166,0.883195
195,12,1349,631,52,173,0.897790
195,13,1681,634,88,327,0.916470
196,1,1670,576,250,504,0.969670
196,2,1268,613,79,291,0.953409
196,3,300,656,52,106,0.933313
196,5,634,661,62,173,0.906053
196,6,577,645,63,197,0.945660
196,7,1119,643,40,140,0.863396
196,8,1394,693,73,146,0.862713
196,10,1072,650,55,153,0.917496
196,11,1232,646,52,166,0.920612
196,12,1347,631,53,172,0.914321
196,13,1683,613,162,361,0.853668
197,1,1659,578,261,502,0.964186
197,2,1268,612,79,292,0.951288
197,3,300,655,51,106,0.931726
197,5,634,661,64,172,0.912806
197,6,579,645,63,197,0.943382
197,7,1118,643,40,139,0.855446
197,8,1389,690,71,149,0.849988
197,10,1069,649,55,153,0.915521
197,11,1230,645,55,167,0.922931
197,12,1345,630,52,172,0.913797
197,13,1688,665,170,314,0.723350
198,1,1654,577,266,503,0.969404
198,2,1268,612,79,291,0.949068
198,3,301,654,49,106,0.927052
198,5,634,655,67,179,0.906577
198,6,580,645,63,196,0.944305
198,7,1118,643,40,139,0.849976
198,8,1386,690,67,149,0.871339
198,10,1067,649,56,152,0.921236
198,11,1226,642,52,169,0.926133
198,12,1340,631,56,171,0.909567
198,13,1700,902,161,78,0.564541
199,1,1659,577,255,503,0.960711
199,2,1268,612,79,291,0.951070
199,3,303,652,47,107,0.927119
199,5,635,656,72,177,0.915183
199,6,582,645,61,196,0.943331
199,7,1118,642,40,139,0.860396
199,8,1383,691,63,148,0.891797
199,10,1065,649,57,151,0.923565
199,11,1224,641,56,170,0.942506
199,12,1337,632,57,170,0.914370
199,13,1773,625,88,356,0.733625
200,1,1671,577,218,503,0.960566
200,2,1268,612,80,291,0.952418
200,3,302,652,44,107,0.921656
200,5,635,655,69,178,0.912562
200,6,583,645,60,197,0.941274
200,7,1118,643,40,138,0.879351
200,8,1383,690,63,149,0.887889
200,10,1063,648,57,152,0.926567
200,11,1222,640,58,171,0.936419
200,12,1333,632,61,170,0.908478
200,13,1768,625,93,355,0.858266
201,1,1676,576,181,504,0.959457
201,2,1268,611,80,291,0.948811
201,3,302,651,40,108,0.922200
201,5,637,657,68,176,0.910497
201,6,584,645,61,197,0.938279
201,7,1117,642,41,138,0.889990
201,8,1381,690,53,148,0.885019
201,10,1061,647,57,153,0.925372
201,11,1211,642,70,168,0.929074
201,12,1333,632,59,169,0.907617
201,13,1720,652,141,327,0.909582
202,1,1646,576,177,504,0.972740
202,2,1268,611,80,291,0.947769
202,3,301,650,38,108,0.924774
202,5,639,656,69,177,0.915872
202,6,585,645,62,197,0.937088
202,7,1116,643,41,137,0.890151
202,8,1387,691,42,146,0.903500
202,10,1061,646,56,150,0.929444
202,11,1210,641,72,169,0.935510
202,12,1333,632,56,169,0.901343
202,13,1780,623,83,356,0.951023
203,1,1652,576,153,504,0.980304
203,2,1269,611,78,290,0.945816
203,3,300,650,34,108,0.918624
203,5,642,656,67,176,0.916416
203,6,585,644,63,198,0.944476
203,7,1115,642,43,138,0.898732
203,8,1385,692,45,145,0.904711
203,10,1061,645,55,150,0.927355
203,11,1214,641,68,168,0.928736
203,12,1334,632,51,168,0.863302
203,13,1784,620,91,359,0.966500
204,1,1641,574,163,506,0.976234
204,2,1269,610,79,291,0.939891
204,3,299,649,32,108,0.918918
204,5,645,657,64,174,0.917094
204,6,585,642,65,199,0.948001
204,7,1115,641,43,139,0.907281
204,8,1371,691,59,146,0.881750
204,10,1059,644,55,150,0.928202
204,11,1210,642,72,167,0.920429
204,12,1334,631,49,169,0.814876
204,13,1781,622,106,356,0.972343
205,1,1632,575,170,505,0.979202
205,2,1269,611,86,290,0.940646
205,3,298,647,31,109,0.926678
205,5,648,653,63,177,0.914594
205,6,587,641,64,199,0.948298
205,7,1114,640,44,139,0.917369
205,8,1365,692,64,145,0.888882
205,10,1058,642,56,152,0.932091
205,11,1209,645,71,163,0.926921
205,12,1331,630,50,170,0.807737
205,13,1776,619,121,360,0.966298
206,1,1625,576,178,504,0.979705
206,2,1268,610,87,291,0.941680
206,3,297,646,30,109,0.927936
206,5,648,651,64,178,0.910013
206,6,588,640,64,199,0.945188
206,7,1113,640,43,139,0.921827
206,8,1361,691,67,145,0.874013
206,10,1056,641,56,153,0.933558
206,11,1207,645,72,163,0.929202
206,12,1329,630,49,169,0.800633
206,13,1794,616,126,363,0.964652
207,1,1618,576,188,504,0.975415
207,2,1268,610,90,291,0.941419
207,3,296,646,28,109,0.920721
207,5,650,650,64,179,0.877547
207,6,589,639,63,200,0.941411
207,7,1111,639,45,140,0.919455
207,8,1359,690,68,145,0.878596
207,10,1054,641,56,152,0.934640
207,11,1205,646,71,161,0.926065
207,12,1325,628,47,171,0.746176
207,13,1800,616,120,363,0.969522
208,1,1590,576,214,504,0.975654
208,2,1268,609,89,290,0.940192
208,3,293,646,30,108,0.924979
208,5,652,650,64,179,0.879818
208,6,590,638,64,201,0.936107
208,7,1108,639,48,139,0.918956
208,8,1356,690,69,144,0.883677
208,10,1053,639,55,154,0.921477
208,11,1203,644,70,162,0.929261
208,12,1323,626,50,170,0.725796
208,13,1800,616,120,363,0.971101
209,1,1554,577,244,503,0.970529
209,2,1268,609,90,290,0.933772
209,3,288,646,33,108,0.928272
209,5,654,651,63,179,0.866365
209,6,591,638,64,200,0.934333
209,7,1106,638,49,140,0.911148
209,8,1355,690,69,143,0.876295
209,10,1050,640,57,152,0.914540
209,11,1202,643,67,162,0.928406
209,12,1322,626,47,169,0.686495
209,13,1800,616,120,361,0.972035
210,1,1548,577,247,503,0.971978
210,2,1267,609,92,289,0.927413
210,3,283,646,36,107,0.918599
210,5,654,650,65,180,0.867407
210,6,593,636,63,202,0.940284
210,7,1105,638,49,140,0.916731
210,8,1353,690,67,141,0.884399
210,10,1048,639,57,153,0.914774
210,11,1199,642,67,161,0.921716
210,12,1320,626,46,167,0.659310
210,13,1801,617,119,360,0.973824
